64
64
65
65
64
65
64
64
64
64
65
65
65
66
66
67
67
67
67
N/A
67
67
67
66
65
63
63
63
64
64
63
63
63
63
63
64
64
63
64
64
64
64
63
63
64
63
63
63
63
63
63
63
61
61
61
62
62
62
63
63
63
63
63
63
63
63
64
64
65
65
62
63
64
64
64
64
65
65
66
67
67
66
67
67
67
67
66
66
66
65
63
63
63
63
64
63
63
64
64
64
64
63
63
66
66
66
65
65
65
65
65
65
65
65
65
64
64
64
64
64
64
64
64
64
64
63
63
63
63
63
64
64
63
64
64
64
64
64
64
64
64
65
65
65
65
65
65
65
64
64
64
64
64
64
64
64
64
64
64
64
64
65
65
66
64
63
63
63
64
62
62
62
63
63
64
64
65
65
66
66
65
65
65
66
66
66
66
66
65
65
65
65
65
64
64
64
64
64
64
64
64
64
64
64
63
64
64
64
64
65
65
65
65
65
65
65
65
66
66
66
67
67
64
65
65
65
65
65
65
66
66
66
66
67
67
66
66
66
66
65
66
66
66
66
66
66
67
67
67
67
67
67
67
67
67
