43
43
43
43
43
43
42
42
42
43
46
46
48
48
48
48
48
49
49
49
50
50
50
50
48
47
46
44
43
43
43
46
43
43
42
42
42
43
43
43
43
43
44
44
44
44
44
44
44
43
43
43
43
45
45
46
46
47
47
49
49
48
47
48
48
48
48
48
48
48
48
48
48
49
49
47
47
46
45
45
46
44
44
43
43
43
43
43
43
43
44
43
43
43
42
42
42
42
42
42
42
42
42
42
42
42
42
42
42
42
42
43
43
43
44
44
44
45
45
46
47
48
49
50
48
47
48
48
48
48
48
48
48
48
48
49
49
48
48
46
46
45
45
45
45
44
44
44
44
44
44
44
44
45
45
44
44
43
43
43
43
43
43
43
43
44
44
43
43
44
44
45
45
46
46
45
45
44
44
43
43
43
43
43
43
44
43
43
43
43
43
46
46
45
44
44
43
43
43
43
43
43
43
43
43
46
46
47
47
46
46
45
45
45
45
44
44
44
46
46
46
47
46
45
44
44
44
44
44
44
43
43
43
43
43
43
43
43
44
43
43
43
43
45
45
46
46
45
45
44
44
45
46
46
48
45
45
45
46
47
47
44
44
44
44
46
47
48
49
49
47
46
45
45
47
44
49
49
48
48
48
49
49
49
49
49
48
47
47
48
48
48
