0.268236
0.274537
0.26702
0.284173
0.284172
0.273926
0.275355
0.255334
0.270477
0.270821
0.272865
0.270956
0.283598
0.290112
0.292523
0.287656
0.283901
0.237652
0.255764
0.263944
0.280388
0.285235
0.297668
0.296063
0.294385
0.26948
0.258808
0.273017
0.260473
0.286389
0.287406
0.267673
0.298665
0.307008
0.307965
0.299836
0.296028
0.271105
0.286548
0.277549
0.282932
0.318776
0.308351
0.287709
0.286613
0.294161
0.258512
0.29996
0.302345
0.325306
0.322608
0.305521
0.261758
0.306052
0.275959
0.30947
0.300919
0.325993
0.322972
0.318911
0.330433
0.287992
0.302903
0.300031
0.282181
0.275612
0.343265
0.33419
0.336111
0.318408
0.32018
0.318374
0.335615
0.349431
0.333133
0.34747
0.338333
0.338723
0.328049
0.35346
0.304205
0.361249
0.356184
0.350227
0.337967
0.348659
0.332753
0.351422
0.332746
0.348355
0.32658
0.359063
0.342682
0.34624
0.351255
0.36767
0.344554
0.348339
0.355512
0.365904
0.355435
0.346479
0.360177
0.37786
0.362254
0.371655
0.358048
0.381505
0.355868
0.353003
0.359583
0.331219
0.398843
0.405736
0.390913
0.339326
0.375878
0.382238
0.390754
0.385564
0.361134
0.38634
0.386985
0.372992
0.428877
0.354588
0.371107
0.425261
0.419745
0.380138
0.396936
0.418695
0.404467
0.420845
0.407824
0.423556
0.450145
0.430513
0.391176
0.412456
0.442015
0.395533
0.404165
0.38439
0.440544
0.420474
0.433904
0.452998
0.390952
0.441748
0.415961
0.479611
0.418353
0.431182
0.449243
0.417749
0.485097
0.460805
0.521614
0.430301
0.481039
0.495832
0.444722
0.469208
0.461934
0.467465
0.45954
0.48983
0.471338
0.505542
0.606464
0.434609
0.50073
0.510122
0.51415
0.501461
0.473013
0.466029
0.58736
0.491981
0.542032
0.554793
0.475388
0.615971
0.510594
0.634076
0.580434
0.55058
0.465533
0.485933
0.601517
0.646633
0.537704
0.587191
0.672355
0.762937
0.686691
0.631022
0.639588
0.783148
0.750681
0.695814
0.605764
0.672944
0.704718
0.771755
0.709488
0.762105
0.699153
0.737822
0.683547
0.692037
0.830523
0.807366
0.843015
0.789905
0.740277
0.786642
0.750897
0.835087
0.799821
0.872051
0.819274
0.773743
0.873461
0.787529
0.875739
0.807209
0.845039
0.789332
0.808716
0.798155
0.797457
0.83681
0.724327
0.731122
0.632936
0.625124
0.738776
0.738405
0.782931
0.812372
0.837248
0.66896
0.809565
0.677518
0.705614
0.753586
0.795047
0.703572
0.621539
0.74088
0.707853
0.745743
0.713549
0.751982
0.689369
0.704391
0.832575
0.761184
0.808794
0.653061
0.583869
0.81945
0.587742
0.683678
0.645554
0.834449
0.775106
0.802359
0.808887
0.737225
0.762723
0.807813
0.791217
0.781853
0.663745
0.861779
0.692742
0.785016
0.698863
0.874976
0.763542
0.929093
0.755296
0.856467
0.701076
0.645315
0.793833
0.857593
0.729166
0.878389
0.83556
0.903709
0.63161
0.788164
0.88263
0.741702
0.80144
0.681871
0.813421
0.814411
0.532527
0.794882
0.746263
0.873331
0.873274
0.802694
0.544189
0.842584
0.894666
0.451662
0.837336
0.8523
0.657876
0.645531
0.851943
0.75746
0.839355
0.657401
0.569797
0.676088
0.733689
0.755843
0.854461
0.653491
0.662411
0.904941
0.588553
0.860752
0.602925
0.877807
0.750285
0.785619
0.92124
0.557117
0.809467
0.922997
0.689911
0.763919
0.530935
0.794796
0.72537
0.800437
0.723563
0.925157
0.804664
0.676632
0.729964
0.785308
0.707398
0.540279
0.918576
0.628854
0.892104
0.825756
0.688546
0.803065
0.549483
0.583501
0.754631
0.833623
0.672144
0.470762
0.712497
0.683855
0.793485
0.697757
0.599784
0.779011
0.724701
0.911574
0.736019
0.873196
0.814643
0.64798
0.837327
0.747274
0.722171
0.748523
0.742455
0.604897
0.601412
0.589988
0.401694
0.713284
0.688837
0.627581
0.732454
0.687967
0.67741
0.77519
0.876033
0.593492
0.497711
0.671836
