0.394873
0.376871
0.394224
0.39724
0.348728
0.391796
0.369315
0.381781
0.359477
0.333931
0.340482
0.353246
0.420442
0.400689
0.393612
0.397608
0.364008
0.401076
0.39828
0.384317
0.453911
0.41069
0.386906
0.392412
0.390834
0.444319
0.419849
0.421793
0.383095
0.438191
0.436068
0.398817
0.446943
0.437549
0.436698
0.362207
0.461176
0.480431
0.431972
0.474205
0.417902
0.363065
0.482784
0.468772
0.520191
0.440668
0.471123
0.513139
0.462878
0.489423
0.487592
0.450524
0.487217
0.49038
0.484711
0.510492
0.497276
0.450675
0.498054
0.530804
0.478427
0.524732
0.52537
0.563484
0.468191
0.538702
0.587753
0.46607
0.521045
0.588624
0.49067
0.635795
0.565996
0.58928
0.475239
0.642078
0.604363
0.599655
0.644414
0.610689
0.629415
0.654942
0.708119
0.673514
0.524726
0.596539
0.700042
0.710916
0.693455
0.682671
0.672754
0.777247
0.740411
0.698534
0.699954
0.771825
0.751509
0.822197
0.840903
0.812265
0.721562
0.845062
0.801509
0.840901
0.770698
0.871147
0.731279
0.842207
0.88005
0.80767
0.859454
0.788278
0.848026
0.788319
0.834656
0.81515
0.751761
0.921004
0.832466
0.725495
0.726578
0.635356
0.592112
0.773597
0.730239
0.781477
0.805591
0.762567
0.708862
0.798862
0.713554
0.76119
0.747846
0.700816
0.624462
0.554562
0.731671
0.712972
0.715874
0.738676
0.747767
0.686362
0.692743
0.678484
0.722558
0.787383
0.692863
0.667229
0.829293
0.599879
0.671562
0.642447
0.479056
0.683216
0.872975
0.745796
0.815317
0.805113
0.779218
0.916514
0.79137
0.762027
0.729782
0.861805
0.717745
0.782533
0.543949
0.708225
0.859812
0.929251
0.738555
0.845285
0.682467
0.645175
0.792784
0.826694
0.775169
0.859612
0.782857
0.88326
0.621925
0.705935
0.451188
0.662942
0.932432
0.552323
0.724576
0.804363
0.855526
0.670187
0.719322
0.833643
0.786002
0.910321
0.715146
0.464675
0.697448
0.909401
0.754993
0.77515
0.701116
0.901993
0.728839
0.64852
0.850783
0.79024
0.799898
0.591127
0.712592
0.558542
0.80352
0.790946
0.781758
0.631655
0.729983
0.916643
0.480817
0.864761
0.417832
0.396846
0.797032
0.880211
0.684846
0.818248
0.913909
0.680144
0.56993
0.779051
0.768314
0.760617
0.758211
0.748251
0.684352
0.836035
0.493488
0.728938
0.756507
0.642577
0.625242
0.663842
0.541376
0.747509
0.830064
0.782631
0.662447
0.899454
0.635041
0.894853
0.547728
0.802119
0.880122
0.579862
0.458759
0.521915
0.666086
0.678814
0.663173
0.553753
0.600919
0.597536
0.874007
0.728925
0.626433
0.816283
0.816961
0.605071
0.816191
0.698304
0.700339
0.89887
0.706672
0.462561
0.922649
0.681303
0.623032
0.866259
0.472203
0.91494
0.428167
0.810274
0.692757
0.501679
0.633241
0.5934
0.827716
0.756488
0.797089
0.755926
0.609122
