0.392546
0.38993
0.402278
0.395755
0.425938
0.406393
0.422901
0.415435
0.359479
0.39729
0.347819
0.394607
0.398099
0.429375
0.428103
0.431114
0.390264
0.375742
0.43951
0.444575
0.399512
0.383793
0.396059
0.460726
0.393002
0.444689
0.371666
0.470027
0.48302
0.463207
0.415906
0.423419
0.482411
0.486207
0.486615
0.402723
0.481398
0.518814
0.454321
0.469984
0.457451
0.484291
0.42011
0.443745
0.498174
0.502552
0.455858
0.493013
0.42792
0.581667
0.515738
0.500403
0.55057
0.504977
0.512788
0.52528
0.564968
0.506229
0.515969
0.554457
0.476127
0.440479
0.446786
0.548951
0.635372
0.565936
0.407686
0.593348
0.502601
0.618822
0.598847
0.602926
0.478358
0.605779
0.585124
0.547765
0.700366
0.703174
0.793383
0.669195
0.58389
0.773385
0.707891
0.708139
0.574375
0.665171
0.735153
0.768899
0.799765
0.699661
0.760274
0.750574
0.788174
0.83917
0.814963
0.73186
0.827697
0.785129
0.839944
0.734551
0.68055
0.799972
0.733483
0.733103
0.821352
0.877097
0.792862
0.830514
0.742753
0.849027
0.839837
0.787736
0.822497
0.81232
0.827929
0.761702
0.743728
0.683177
0.730447
0.811482
0.7694
0.775767
0.745106
0.829577
0.62579
0.806026
0.707878
0.682301
0.720985
0.723899
0.667688
0.588405
0.741136
0.740583
0.716213
0.720135
0.749255
0.666811
0.694777
0.767249
0.690931
0.793439
0.692732
0.641508
0.700479
0.602012
0.679621
0.640406
0.907393
0.782536
0.808912
0.809984
0.713432
0.755068
0.807498
0.787385
0.730952
0.728741
0.874525
0.737178
0.744514
0.74983
0.874992
0.774609
0.933971
0.866958
0.666632
0.613148
0.643204
0.786008
0.905491
0.783829
0.855827
0.812742
0.768227
0.780555
0.404149
0.467617
0.691598
0.910611
0.690921
0.730189
0.797961
0.507905
0.819217
0.73589
0.698163
0.823647
0.654522
0.523951
0.806594
0.809912
0.802459
0.900353
0.635536
0.696083
0.841948
0.680674
0.742866
0.742819
0.656112
0.906447
0.776011
0.920762
0.578894
0.589956
0.777139
0.8404
0.641305
0.672549
0.916128
0.486007
0.850978
0.47538
0.784992
0.875673
0.859954
0.69735
0.715259
0.633079
0.650346
0.641171
0.820244
0.693898
0.915386
0.756607
0.697261
0.537491
0.835241
0.928466
0.79559
0.684534
0.749707
0.851036
0.678656
0.793315
0.683524
0.842299
0.849743
0.629435
0.866947
0.575326
0.784885
0.868346
0.789466
0.697456
0.637772
0.725993
0.598751
0.716844
0.430152
0.786771
0.469415
0.577755
0.83115
0.712638
0.680355
0.678756
0.696763
0.59912
0.853599
0.81056
0.736595
0.727268
0.921339
0.618504
0.600079
0.797017
0.874347
0.857919
0.426877
0.697258
0.569345
0.544455
0.914546
0.863967
0.708656
0.565991
0.51157
