0.26955
0.246501
0.277813
0.285572
0.296132
0.301052
0.29839
0.293672
0.268067
0.283263
0.28258
0.28135
0.290719
0.303057
0.310094
0.304703
0.293249
0.274621
0.295139
0.268477
0.268883
0.278675
0.30388
0.309015
0.312491
0.295952
0.290044
0.294291
0.290274
0.280886
0.300885
0.276742
0.310688
0.320349
0.309532
0.295079
0.302075
0.30676
0.300794
0.309668
0.324561
0.313553
0.309215
0.329259
0.323308
0.319955
0.304934
0.316117
0.301479
0.328553
0.334658
0.344325
0.289771
0.329445
0.307286
0.329703
0.32414
0.298213
0.324386
0.345417
0.35694
0.333178
0.315912
0.333399
0.326406
0.343159
0.300367
0.340373
0.355206
0.348319
0.352693
0.355995
0.309423
0.358098
0.331351
0.355637
0.352881
0.357843
0.34935
0.352985
0.341393
0.355021
0.353472
0.355813
0.367214
0.362833
0.367304
0.368389
0.335547
0.351179
0.3257
0.385126
0.376547
0.388381
0.376812
0.358181
0.381434
0.351895
0.350938
0.371319
0.384494
0.352523
0.400001
0.399024
0.368061
0.398141
0.394312
0.360878
0.388818
0.340306
0.383388
0.428878
0.38051
0.408265
0.419317
0.369944
0.419239
0.402877
0.398952
0.407134
0.40651
0.410456
0.41731
0.37887
0.427905
0.407878
0.443094
0.354813
0.399126
0.407044
0.402184
0.431561
0.398884
0.459611
0.422946
0.412365
0.409631
0.459638
0.437084
0.495487
0.446977
0.439799
0.477016
0.435333
0.493826
0.396976
0.470042
0.41676
0.460615
0.465047
0.441972
0.495216
0.480938
0.479261
0.446291
0.478245
0.43345
0.495324
0.462543
0.499522
0.584269
0.47983
0.494396
0.53063
0.507914
0.494516
0.587795
0.45503
0.528514
0.545834
0.555978
0.520775
0.569031
0.508319
0.550851
0.58149
0.559608
0.610836
0.586564
0.455155
0.586759
0.53952
0.587661
0.555857
0.70534
0.701569
0.672577
0.49794
0.648883
0.790002
0.718095
0.702115
0.605112
0.664258
0.766349
0.742541
0.709782
0.781442
0.716478
0.81923
0.838765
0.825425
0.72484
0.885917
0.754962
0.837306
0.777664
0.87855
0.82968
0.828298
0.844055
0.822577
0.878463
0.787144
0.849349
0.82505
0.799815
0.831005
0.817203
0.836883
0.792777
0.739695
0.683622
0.611238
0.78432
0.78394
0.787181
0.797829
0.849229
0.606453
0.81357
0.701521
0.751365
0.727024
0.751225
0.619566
0.686352
0.687651
0.702334
0.715812
0.73866
0.77379
0.687085
0.718367
0.703663
0.651711
0.872658
0.693191
0.628769
0.821438
0.619432
0.671657
0.647738
0.70195
0.762905
0.794466
0.829143
0.706564
0.75556
0.785672
0.797534
0.768518
0.728793
0.877129
0.714625
0.788199
0.702804
0.888691
0.742449
0.857691
0.73822
0.845436
0.61318
0.677123
0.795359
0.864831
0.879492
0.772252
0.803513
0.890131
0.550188
0.644425
0.911842
0.689866
0.63779
0.875017
0.821688
0.867381
0.890376
0.87245
0.669159
0.784721
0.744696
0.846237
0.930867
0.854969
0.907642
0.523315
0.656083
0.556579
0.569193
0.662721
0.782614
0.865183
0.806814
0.699084
0.758743
0.735107
0.905854
0.66424
0.721414
0.613567
0.889073
0.522831
0.771839
0.736875
0.78039
0.9044
0.472952
0.92011
0.720908
0.433916
0.505451
0.891367
0.873071
0.650074
0.791389
0.907251
0.667197
0.574564
0.643829
0.907518
0.584483
0.724723
0.919108
0.92761
0.858115
0.870564
0.507364
0.723758
0.752329
0.813138
0.645808
0.770847
0.811921
0.619408
0.883431
0.702439
0.513096
0.69869
0.793215
0.804707
0.852437
0.89829
0.798375
0.790996
0.532376
0.884804
0.642571
0.774465
0.542652
0.568407
0.455028
0.863993
0.74826
0.576796
0.627367
0.671082
0.900555
0.837285
0.860167
0.915978
0.3586
0.912004
0.605441
0.644595
0.570631
0.74171
0.659704
0.726342
0.428336
0.640263
0.738944
0.797225
0.481016
0.523381
0.729633
0.820166
0.780648
0.518761
0.750123
0.67445
0.80672
