0.693093
0.651724
0.780219
0.839889
0.767477
0.819497
0.81565
0.756662
0.726368
0.761399
0.88039
0.774173
0.847498
0.844585
0.810963
0.829045
0.800122
0.849163
0.838612
0.822495
0.829
0.795945
0.824004
0.724295
0.730688
0.653214
0.615012
0.790062
0.788964
0.740948
0.804975
0.807958
0.631977
0.812519
0.70686
0.75478
0.766132
0.760601
0.730771
0.574252
0.738207
0.692983
0.715781
0.734457
0.750512
0.652887
0.73459
0.695299
0.742167
0.787208
0.693032
0.667889
0.829321
0.632816
0.676154
0.705943
0.486556
0.683817
0.854395
0.758023
0.809985
0.789585
0.761646
0.916268
0.917535
0.802616
0.805922
0.818691
0.893154
0.926306
0.876858
0.740316
0.930009
0.920443
0.821726
0.66145
0.653321
0.789208
0.903724
0.77067
0.850127
0.819106
0.853486
0.723252
0.706009
0.658772
0.486187
0.924025
0.648875
0.736837
0.814196
0.78535
0.68345
0.765803
0.746952
0.881625
0.790748
0.887806
0.811723
0.593308
0.695785
0.688473
0.539081
0.653692
0.880639
0.754389
0.654407
0.847688
0.74379
0.785221
0.79411
0.657787
0.646245
0.596211
0.792014
0.533585
0.823092
0.823463
0.764193
0.920758
0.516442
0.730653
0.704082
0.696666
0.44644
0.444953
0.782032
0.880289
0.685216
0.816476
0.679316
0.540095
0.79325
0.736107
0.60985
0.71837
0.761458
0.860979
0.880593
0.871341
0.507252
0.905264
0.760888
0.843953
0.737393
0.656746
0.853477
0.689294
0.891582
0.78443
0.910659
0.873739
0.57258
0.920811
0.608931
0.5465
0.718097
0.638275
0.574944
0.604268
0.765875
0.436799
0.497042
0.868453
0.569921
0.682581
0.413673
0.760833
0.474103
0.897473
0.722799
0.706456
0.850276
0.600189
0.857208
0.91939
0.501207
0.648307
0.913508
0.702688
0.73559
0.627498
0.618815
0.658324
0.649675
0.597379
0.736745
0.431269
0.923747
0.840484
0.48646
0.582927
0.610644
0.764416
0.540199
0.67263
0.641658
