0.652616
0.793408
0.915272
0.776108
0.865685
0.784319
0.798901
0.776986
0.449468
0.528825
0.710057
0.912505
0.703948
0.731799
0.822689
0.752245
0.832147
0.773861
0.691739
0.823914
0.717603
0.871059
0.759505
0.88174
0.803466
0.699887
0.787033
0.872442
0.729886
0.868461
0.70965
0.685335
0.930849
0.785421
0.809329
0.529389
0.580742
0.562654
0.771137
0.824141
0.708032
0.86669
0.73787
0.900373
0.473791
0.81923
0.765655
0.890295
0.610244
0.844746
0.837028
0.681809
0.53279
0.8631
0.800321
0.842
0.722729
0.889246
0.511566
0.660908
0.809289
0.645756
0.64836
0.738736
0.855348
0.659468
0.7218
0.625115
0.566024
0.842464
0.614613
0.853368
0.723796
0.648698
0.897167
0.715277
0.569483
0.644052
0.823382
0.709526
0.796436
0.765617
0.51496
0.866811
0.690667
0.494758
0.617228
0.806116
0.894066
0.657429
0.624907
0.904629
0.713117
0.508523
0.764792
0.701067
0.570542
0.485778
0.874074
0.853448
0.90299
0.734169
0.633772
0.91646
0.651202
0.883705
0.763849
0.673896
