0.844598
0.836897
0.726953
0.731135
0.635531
0.595504
0.740055
0.786599
0.78496
0.796346
0.836634
0.605682
0.813998
0.687186
0.685656
0.723929
0.749711
0.743898
0.551834
0.733616
0.686025
0.742872
0.734611
0.749696
0.667273
0.740345
0.820834
0.733302
0.786353
0.692732
0.638404
0.773324
0.637886
0.650803
0.639722
0.474357
0.683055
0.8014
0.753428
0.864657
0.791608
0.776127
0.916397
0.924408
0.897187
0.832542
0.823444
0.794
0.912515
0.904459
0.764168
0.853401
0.913931
0.821422
0.701197
0.676321
0.791628
0.915705
0.885658
0.860981
0.782935
0.889332
0.603453
0.475378
0.714833
0.911532
0.673224
0.849629
0.834805
0.648938
0.557534
0.820708
0.729339
0.621677
0.768092
0.686268
0.805375
0.854572
0.859131
0.811948
0.778633
0.80178
0.552814
0.447439
0.721708
0.888652
0.735804
0.669455
0.837929
0.794749
0.846102
0.575913
0.70038
0.613427
0.773558
0.911009
0.729
0.530505
0.866862
0.827637
0.921604
0.460782
0.721008
0.592074
0.874884
0.89645
0.450116
0.452277
0.784012
0.890157
0.747081
0.776586
0.922297
0.598009
0.734218
0.922996
0.620533
0.780658
0.913553
0.711151
0.673111
0.814932
0.501191
0.712488
0.765575
0.66317
0.719254
0.727937
0.86199
0.681216
0.831255
0.673139
0.786145
0.564328
0.920907
0.726775
0.89256
0.691489
0.806857
0.664717
0.870894
0.55795
0.685463
0.813224
0.684104
0.672534
0.612438
0.662055
0.796137
0.690667
0.495005
0.849799
0.791276
0.624174
0.853368
0.718344
0.847442
0.698049
0.677062
0.919972
0.71181
0.463817
0.620295
0.630218
0.606476
0.639961
0.853677
0.79801
0.477039
0.657552
0.634721
0.628527
0.93038
0.675356
0.735048
0.707155
0.793502
