0.855297
0.775366
0.921459
0.83475
0.778828
0.606476
0.80855
0.702726
0.753714
0.74971
0.721007
0.733545
0.587118
0.734497
0.715376
0.739246
0.695584
0.747413
0.710368
0.732146
0.824513
0.656647
0.788508
0.701787
0.623984
0.827686
0.600014
0.671518
0.646882
0.493258
0.679657
0.871522
0.761357
0.79808
0.789372
0.762749
0.732592
0.606323
0.821921
0.726082
0.864001
0.715742
0.740401
0.751146
0.87204
0.724932
0.865561
0.745665
0.856843
0.801411
0.863163
0.756053
0.902206
0.783854
0.863922
0.81962
0.892251
0.566954
0.838395
0.916415
0.59505
0.612647
0.822147
0.759479
0.812859
0.782974
0.915316
0.499655
0.811127
0.746498
0.876845
0.930927
0.92126
0.797426
0.645298
0.906732
0.632718
0.662932
0.538403
0.637567
0.923075
0.676773
0.665463
0.847309
0.86017
0.809949
0.68252
0.748364
0.870471
0.620517
0.805267
0.463642
0.820971
0.692069
0.768297
0.709493
0.719505
0.576523
0.894699
0.613519
0.439121
0.795696
0.880292
0.863228
0.683163
0.800847
0.923586
0.543607
0.794427
0.387041
0.872849
0.543224
0.678911
0.886425
0.476097
0.836031
0.752592
0.847998
0.632747
0.613209
0.835797
0.664063
0.701862
0.784047
0.743262
0.529366
0.849331
0.620208
0.86545
0.804203
0.659082
0.81868
0.788337
0.693821
0.773088
0.711751
0.83267
0.775626
0.528661
0.600689
0.518698
0.849999
0.709141
0.818034
0.731467
0.674206
0.88046
0.813634
0.717317
0.869519
0.860055
0.728245
0.724028
0.872088
0.773376
0.562199
0.866689
0.593487
0.6947
0.736158
0.86007
0.744258
0.570351
0.689682
0.739733
0.784358
0.862193
0.587134
0.725473
0.549594
