0.808035
0.744185
0.717099
0.747555
0.810714
0.818608
0.744854
0.790147
0.876464
0.724964
0.84662
0.885015
0.821184
0.874848
0.770575
0.849317
0.802104
0.836387
0.843713
0.878518
0.923284
0.831468
0.765996
0.726399
0.632172
0.601427
0.782296
0.745163
0.78055
0.813705
0.831263
0.720742
0.748661
0.714452
0.721299
0.642327
0.795389
0.739683
0.587346
0.739733
0.693635
0.730129
0.738269
0.74976
0.695648
0.7292
0.818989
0.759838
0.78963
0.692732
0.678899
0.833315
0.632639
0.683678
0.68942
0.663372
0.683148
0.827472
0.729708
0.812426
0.806564
0.77784
0.911431
0.796857
0.768901
0.718718
0.851714
0.713763
0.777838
0.403519
0.83543
0.852249
0.916351
0.811637
0.701307
0.654553
0.786654
0.926145
0.80451
0.897964
0.804603
0.89205
0.488884
0.602763
0.730449
0.910791
0.69196
0.747436
0.822839
0.845637
0.867971
0.825674
0.702711
0.707317
0.743277
0.872089
0.856131
0.600614
0.477143
0.60036
0.747193
0.619132
0.83812
0.638859
0.735057
0.906989
0.798165
0.672689
0.703673
0.87854
0.906418
0.777106
0.805924
0.775589
0.90777
0.876984
0.857595
0.7196
0.712501
0.554266
0.7912
0.532179
0.863498
0.748115
0.921585
0.473606
0.64719
0.686656
0.562495
0.882014
0.554387
0.743466
0.876451
0.686527
0.798682
0.922623
0.631358
0.831935
0.47309
0.875883
0.813217
0.668021
0.861905
0.512114
0.631742
0.770615
0.813428
0.68709
0.720525
0.816439
0.662115
0.810381
0.715331
0.517924
0.670293
0.685846
0.549949
0.653777
0.901813
0.753725
0.810433
0.499128
0.657076
0.683553
0.667065
0.520291
0.683747
0.72921
0.866466
0.706795
0.494758
0.466305
0.733321
0.842043
0.749558
0.917645
0.516762
0.782931
0.881157
0.709461
0.724345
0.853405
0.729876
0.71361
0.806378
0.601458
0.580708
0.421858
0.687144
0.619641
0.677659
0.499082
0.684383
0.93055
0.881184
0.765155
0.6873
