0.341977
0.361245
0.373072
0.344583
0.336206
0.334526
0.3334
0.325213
0.377061
0.37948
0.36475
0.389804
0.38106
0.335986
0.337851
0.388215
0.360557
0.348911
0.325612
0.372629
0.381326
0.311472
0.397574
0.35752
0.383421
0.392347
0.386236
0.356376
0.383278
0.356589
0.422957
0.378544
0.377197
0.35944
0.406756
0.418461
0.372225
0.396884
0.411965
0.410079
0.406424
0.403066
0.412093
0.408143
0.39368
0.369855
0.416841
0.420955
0.430066
0.424267
0.458577
0.439093
0.441594
0.443871
0.48302
0.481124
0.450383
0.428656
0.369829
0.433823
0.475173
0.459269
0.439398
0.491298
0.472574
0.479875
0.431967
0.471545
0.475542
0.432054
0.415393
0.401615
0.46958
0.506459
0.506773
0.42091
0.475513
0.492967
0.421674
0.498113
0.550254
0.459907
0.512929
0.473103
0.541877
0.462647
0.527508
0.593056
0.502023
0.498738
0.546422
0.598799
0.439176
0.644158
0.57127
0.599899
0.660653
0.532257
0.599477
0.591033
0.636725
0.535834
0.549017
0.616414
0.676706
0.733454
0.713495
0.595164
0.62259
0.673438
0.745087
0.717512
0.700825
0.669369
0.70829
0.728248
0.764843
0.872183
0.748852
0.603271
0.599504
0.833591
0.80475
0.819771
0.790811
0.771417
0.837705
0.736011
0.872219
0.781549
0.877923
0.869468
0.780806
0.855624
0.799874
0.849538
0.797127
0.850809
0.835243
0.87863
0.928553
0.836662
0.724867
0.728915
0.631855
0.701902
0.788227
0.790526
0.767074
0.814204
0.852852
0.604522
0.81374
0.708034
0.752884
0.745728
0.728204
0.717998
0.538859
0.707406
0.737907
0.74569
0.74405
0.771286
0.64056
0.736489
0.816486
0.672169
0.787108
0.695166
0.633438
0.823344
0.642546
0.654654
0.642218
0.593982
0.724494
0.857955
0.749591
0.817904
0.774499
0.77976
0.915751
0.785957
0.818062
0.725651
0.861304
0.714921
0.782948
0.879867
0.855294
0.853026
0.903883
0.721881
0.641365
0.683885
0.78975
0.928829
0.770996
0.855489
0.821114
0.884351
0.71405
0.659978
0.911157
0.683456
0.930156
0.819952
0.640255
0.733929
0.812924
0.729595
0.510185
0.721295
0.735324
0.837562
0.930927
0.915432
0.665265
0.544387
0.607024
0.703555
0.727076
0.883991
0.653546
0.852938
0.797953
0.810273
0.529701
0.712719
0.645396
0.710508
0.849903
0.831503
0.781716
0.921622
0.452214
0.665565
0.696487
0.600491
0.884923
0.882152
0.453968
0.46593
0.765493
0.7297
0.678724
0.854233
0.882595
0.549739
0.834254
0.63939
0.756819
0.748855
0.891173
0.831785
0.506578
0.658092
0.905325
0.799697
0.69808
0.631038
0.757009
0.817423
0.663793
0.730237
0.779389
0.625302
0.908921
0.638364
0.889473
0.444886
0.857188
0.653643
0.609387
0.636485
0.538994
0.889325
0.551398
0.722212
0.437903
0.697818
0.39478
0.625861
0.526141
0.822198
0.635375
0.881094
0.854028
0.720723
0.610148
0.708864
0.640825
0.634271
0.397025
0.912515
0.717485
0.546853
0.646276
0.920727
0.73697
0.4508
0.657796
0.87875
0.47469
0.549186
0.556641
0.800784
0.729282
0.578961
0.67924
0.68144
0.673106
