0.261368
0.276506
0.279508
0.286514
0.284914
0.294238
0.263623
0.286298
0.276227
0.273173
0.25934
0.251514
0.259571
0.277517
0.235298
0.277052
0.288611
0.301119
0.270577
0.281488
0.285258
0.281869
0.283064
0.285243
0.285779
0.296253
0.297042
0.299723
0.291954
0.288218
0.283522
0.285994
0.27989
0.310395
0.313556
0.319688
0.298399
0.285606
0.296229
0.284035
0.300432
0.303493
0.314565
0.322087
0.329747
0.311052
0.287357
0.311456
0.306501
0.312966
0.2986
0.31638
0.324577
0.30692
0.331331
0.321089
0.311108
0.308508
0.323902
0.304028
0.309499
0.344412
0.294806
0.314903
0.294966
0.328586
0.316635
0.318918
0.333224
0.356783
0.332587
0.317768
0.318814
0.346507
0.351115
0.350673
0.335718
0.350678
0.361436
0.344683
0.347862
0.288808
0.309801
0.336935
0.336389
0.366157
0.366811
0.351066
0.337733
0.347832
0.337358
0.359541
0.357097
0.359684
0.362279
0.356814
0.329789
0.344282
0.37661
0.349791
0.330196
0.351968
0.351507
0.364917
0.352654
0.384046
0.370001
0.344017
0.383508
0.410992
0.36203
0.388373
0.372117
0.37695
0.337112
0.358945
0.394361
0.408639
0.387801
0.356818
0.352461
0.398104
0.420068
0.424665
0.41925
0.380898
0.391178
0.416765
0.441205
0.411528
0.405213
0.364879
0.410684
0.405997
0.432878
0.393336
0.438072
0.453921
0.464168
0.388708
0.400145
0.455575
0.411974
0.458353
0.448878
0.435981
0.503159
0.438523
0.424286
0.412301
0.392984
0.467263
0.404356
0.495001
0.430244
0.476382
0.506482
0.413199
0.452632
0.488514
0.424778
0.439043
0.418914
0.497052
0.447199
0.44203
0.474071
0.577863
0.517274
0.533763
0.509757
0.515607
0.543764
0.537585
0.51205
0.569081
0.501572
0.520165
0.463454
0.605128
0.636491
0.60826
0.591801
0.540027
0.634464
0.605744
0.632049
0.573146
0.589543
0.609105
0.635844
0.60519
0.620872
0.6565
0.617323
0.726212
0.772186
0.573857
0.806605
0.653019
0.709087
0.748999
0.740522
0.706768
0.732491
0.703457
0.661874
0.755153
0.779611
0.68528
0.82674
0.726834
0.883557
0.788932
0.834089
0.710749
0.800211
0.628617
0.828306
0.811506
0.856825
0.810884
0.828616
0.805546
0.847054
0.787236
0.802401
0.819784
0.835399
0.826689
0.798681
0.734097
0.64887
0.593753
0.795673
0.793666
0.776115
0.801519
0.75747
0.634125
0.809653
0.686503
0.734268
0.759224
0.780788
0.666486
0.587126
0.70842
0.704346
0.749951
0.736834
0.752287
0.698173
0.732096
0.726859
0.756538
0.786752
0.692732
0.668784
0.784115
0.609901
0.67376
0.625675
0.6653
0.679721
0.819904
0.748908
0.795797
0.805144
0.775536
0.917911
0.797442
0.804329
0.729963
0.868178
0.724494
0.790138
0.904686
0.823452
0.841942
0.918367
0.808406
0.614437
0.651006
0.789182
0.87754
0.721978
0.878201
0.812775
0.710305
0.590831
0.731744
0.912279
0.66614
0.748127
0.847073
0.750294
0.819451
0.752348
0.745104
0.833643
0.801709
0.58869
0.804814
0.606491
0.676665
0.531605
0.897301
0.440434
0.655714
0.839088
0.739457
0.72876
0.764581
0.835679
0.807852
0.52455
0.66591
0.595432
0.823117
0.460814
0.872638
0.840089
0.921585
0.472777
0.917696
0.671679
0.508279
0.703668
0.884939
0.920087
0.67428
0.80669
0.91926
0.678377
0.552996
0.75762
0.920511
0.512448
0.705425
0.891001
0.821371
0.836035
0.539476
0.650614
0.818828
0.75752
0.848909
0.66444
0.715119
0.802313
0.617779
0.776445
0.895721
0.916139
0.74732
0.421356
0.935517
0.670547
0.914912
0.562961
0.884617
0.791751
0.82933
0.516685
0.647934
0.744303
0.489941
0.669037
0.46964
0.565888
0.711547
0.543498
0.780313
0.596252
0.758449
0.840368
0.6902
0.68339
0.703846
0.728443
0.397322
0.751348
0.48237
0.761335
0.824764
0.857901
0.857295
0.419859
0.714851
0.851466
0.783221
0.546986
0.696586
0.908148
0.857957
0.567504
0.632996
0.657562
