0.706144
0.761098
0.770113
0.79441
0.745104
0.642331
0.868178
0.716334
0.662617
0.702292
0.878044
0.667759
0.931609
0.71168
0.860901
0.78949
0.797269
0.756053
0.926148
0.890816
0.791482
0.820859
0.768794
0.492042
0.641684
0.696507
0.80917
0.932156
0.744749
0.805156
0.755836
0.813696
0.799312
0.706652
0.722243
0.746398
0.874919
0.815697
0.562657
0.880318
0.658501
0.683026
0.768486
0.594371
0.68743
0.923273
0.761225
0.730941
0.843847
0.805061
0.591368
0.650039
0.561277
0.892705
0.463291
0.770058
0.897185
0.921654
0.477259
0.644813
0.547994
0.835454
0.541274
0.683314
0.878625
0.760561
0.766592
0.904988
0.586647
0.764579
0.845771
0.594627
0.699302
0.544688
0.697196
0.516021
0.91331
0.921561
0.856139
0.678944
0.811921
0.678414
0.798594
0.852334
0.699362
0.841819
0.459357
0.820661
0.805847
0.794105
0.869057
0.759647
0.643047
0.47302
0.72694
0.807772
0.747702
0.553231
0.616105
0.476145
0.724727
0.729767
0.594683
0.848552
0.902955
0.856338
0.76227
0.834971
0.699615
0.648293
0.92046
0.728002
0.735924
0.882765
0.75018
0.481473
0.741464
0.778121
0.512605
0.674187
0.433537
0.699421
0.54011
0.686916
0.933659
0.686993
0.785965
0.758724
0.569725
