0.327046
0.336919
0.341382
0.323999
0.311454
0.339043
0.322351
0.32853
0.343454
0.329373
0.329699
0.335625
0.359741
0.272368
0.309525
0.309478
0.300784
0.347705
0.337233
0.367285
0.345938
0.361473
0.344729
0.363566
0.341167
0.338493
0.374188
0.360899
0.355404
0.329843
0.348454
0.361318
0.376056
0.385188
0.318158
0.373382
0.380472
0.339226
0.355355
0.365866
0.345011
0.373548
0.401989
0.39598
0.397443
0.328407
0.365412
0.376773
0.400563
0.404078
0.353341
0.37105
0.423324
0.37057
0.433842
0.386977
0.40919
0.401634
0.379729
0.413799
0.397304
0.383146
0.396751
0.429831
0.439259
0.410785
0.442576
0.420857
0.453508
0.419927
0.428179
0.41444
0.441261
0.398592
0.449332
0.438041
0.470276
0.470793
0.414616
0.43871
0.435696
0.525811
0.432185
0.46011
0.471578
0.461752
0.472896
0.415688
0.469137
0.479508
0.4786
0.4265
0.396659
0.464044
0.424176
0.484419
0.513966
0.58644
0.509674
0.428329
0.509218
0.518631
0.48047
0.561357
0.461987
0.53904
0.572313
0.547865
0.500343
0.520965
0.60518
0.461637
0.638933
0.623047
0.576562
0.59824
0.517259
0.570697
0.590794
0.65454
0.560546
0.565863
0.589015
0.604443
0.748998
0.619865
0.649334
0.620406
0.785653
0.690638
0.655703
0.670288
0.728279
0.76624
0.715121
0.708255
0.781835
0.694793
0.6484
0.830888
0.807104
0.838237
0.832203
0.757759
0.821274
0.776972
0.871575
0.779411
0.813974
0.839251
0.80993
0.877139
0.813736
0.878599
0.850556
0.853914
0.829629
0.87574
0.919182
0.83664
0.784043
0.748336
0.635161
0.595277
0.787065
0.752449
0.782112
0.804326
0.835541
0.595744
0.750015
0.678859
0.697306
0.750086
0.740234
0.625955
0.538941
0.692801
0.730764
0.678113
0.742167
0.748598
0.667285
0.729333
0.840957
0.760347
0.808668
0.695007
0.676764
0.82852
0.59986
0.65416
0.683037
0.660335
0.677829
0.850694
0.756061
0.763799
0.774529
0.776203
0.918849
0.794673
0.873036
0.724735
0.861385
0.715742
0.790228
0.703292
0.871975
0.661359
0.858414
0.763999
0.850782
0.690657
0.663721
0.794378
0.926156
0.726211
0.877996
0.806193
0.904501
0.598767
0.660448
0.909375
0.519319
0.918074
0.629975
0.852656
0.781108
0.74447
0.804065
0.828934
0.78653
0.851571
0.533651
0.791132
0.790336
0.646092
0.728885
0.743904
0.854268
0.730179
0.686283
0.893684
0.706784
0.810334
0.658841
0.543969
0.6692
0.712296
0.529434
0.770691
0.712231
0.459708
0.758564
0.655928
0.702289
0.876993
0.402727
0.683217
0.918243
0.898543
0.677214
0.829295
0.625988
0.586405
0.647183
0.927509
0.652647
0.903482
0.842514
0.708117
0.712068
0.818521
0.499456
0.5039
0.751264
0.844128
0.649255
0.86636
0.674473
0.729559
0.673105
0.767147
0.620026
0.924402
0.714423
0.551039
0.645578
0.802026
0.594588
0.802135
0.535632
0.677887
0.832132
0.676155
0.698297
0.454946
0.730698
0.712776
0.458061
0.850637
0.687803
0.872912
0.803541
0.832286
0.609823
0.699013
0.777401
0.850788
0.848877
0.740864
0.910952
0.657185
0.415465
0.740207
0.647923
0.607132
0.758644
0.426844
0.677147
0.819978
0.46238
0.548273
0.724982
0.569811
0.553138
0.664286
0.691607
