0.655074
0.729555
0.83892
0.668831
0.787145
0.692732
0.540336
0.826917
0.645607
0.649982
0.63917
0.493226
0.682324
0.849928
0.75475
0.818541
0.80887
0.733734
0.676422
0.78121
0.773405
0.720856
0.864509
0.714817
0.782964
0.761747
0.822499
0.853266
0.919837
0.808562
0.63601
0.709656
0.786718
0.851061
0.707589
0.887846
0.804651
0.89844
0.639014
0.657315
0.491884
0.736507
0.931799
0.871784
0.851584
0.826598
0.7557
0.812942
0.802526
0.919853
0.575892
0.798852
0.654488
0.930866
0.777446
0.593746
0.820159
0.698377
0.543472
0.820942
0.895126
0.698614
0.716794
0.735678
0.793912
0.536996
0.487132
0.668705
0.723964
0.785829
0.822159
0.769277
0.921337
0.454499
0.705331
0.677843
0.861754
0.734297
0.823211
0.706779
0.751523
0.912243
0.68372
0.568308
0.794965
0.928891
0.923046
0.699104
0.863898
0.767635
0.667472
0.880974
0.477904
0.905058
0.54834
0.703478
0.705425
0.861062
0.771704
0.785017
0.888103
0.882523
0.583307
0.924404
0.574956
0.858844
0.812611
0.622376
0.787634
0.663527
0.73762
0.58071
0.721442
0.4524
0.798917
0.811404
0.781962
0.712649
0.826855
0.672658
0.849003
0.856209
0.481889
0.628045
0.922817
0.707301
0.776764
0.807286
0.570446
0.738582
0.847649
0.862447
0.522275
0.669099
0.80207
0.915011
0.544455
0.896916
0.824564
0.703295
0.770158
0.591166
