0.282919
0.277518
0.282495
0.306922
0.302784
0.271603
0.299935
0.292599
0.273023
0.28158
0.27911
0.28246
0.310784
0.298831
0.313149
0.29256
0.302428
0.286533
0.274623
0.288243
0.301245
0.292862
0.325973
0.31767
0.30765
0.317151
0.261445
0.302818
0.306768
0.300697
0.303342
0.317744
0.313587
0.323909
0.308403
0.320707
0.30885
0.318122
0.310807
0.337135
0.345223
0.291732
0.327741
0.336153
0.316954
0.314239
0.315684
0.322146
0.333998
0.33968
0.353282
0.327297
0.316255
0.31877
0.353092
0.333527
0.355319
0.356936
0.337046
0.344936
0.294706
0.355085
0.278056
0.313708
0.321767
0.356643
0.336039
0.341617
0.326401
0.356339
0.340919
0.351904
0.361175
0.358996
0.367173
0.353176
0.347119
0.337297
0.357123
0.360368
0.367446
0.378422
0.369871
0.380042
0.399473
0.339977
0.33917
0.371748
0.342307
0.388272
0.401835
0.38162
0.370403
0.39732
0.317725
0.361292
0.381885
0.369902
0.337177
0.40431
0.405896
0.34171
0.40494
0.422926
0.370198
0.410572
0.350006
0.400946
0.412028
0.430379
0.401787
0.412186
0.395226
0.427416
0.445174
0.429858
0.416677
0.368197
0.455318
0.35861
0.40733
0.369067
0.452466
0.34979
0.437316
0.433604
0.426562
0.468693
0.538677
0.4375
0.46537
0.405447
0.435263
0.451094
0.468347
0.468251
0.52269
0.442751
0.441297
0.51359
0.441661
0.471145
0.492933
0.489945
0.442851
0.478752
0.421906
0.505591
0.4611
0.504564
0.478643
0.476042
0.497906
0.491279
0.493691
0.478446
0.460002
0.532854
0.461852
0.517269
0.577405
0.536462
0.490407
0.520965
0.556479
0.520742
0.557296
0.558009
0.579512
0.618777
0.616291
0.572253
0.583743
0.653766
0.612508
0.516258
0.669254
0.714973
0.773008
0.656997
0.589609
0.664247
0.729511
0.744944
0.680094
0.57193
0.668616
0.749471
0.682146
0.726271
0.695421
0.732839
0.664017
0.691476
0.819454
0.785145
0.744193
0.726834
0.82726
0.88363
0.779409
0.838389
0.636192
0.763804
0.792957
0.706392
0.842634
0.84245
0.779936
0.829934
0.761762
0.847571
0.797105
0.78894
0.827841
0.87869
0.922876
0.829493
0.784873
0.741938
0.659338
0.697987
0.739218
0.753027
0.740032
0.807498
0.85313
0.615604
0.748693
0.710097
0.745553
0.743993
0.751257
0.743784
0.550064
0.74072
0.696068
0.743547
0.744033
0.749871
0.652855
0.707195
0.835524
0.760952
0.786782
0.692732
0.614132
0.800675
0.63667
0.650955
0.64882
0.590984
0.668298
0.878977
0.754113
0.832918
0.802802
0.809197
0.914027
0.917003
0.695267
0.795154
0.837669
0.784181
0.910999
0.700758
0.874827
0.667414
0.913029
0.919796
0.810648
0.70965
0.657785
0.792051
0.862587
0.894676
0.856341
0.803577
0.876468
0.629701
0.668077
0.890022
0.869039
0.611132
0.810018
0.729658
0.883437
0.835585
0.846167
0.70618
0.828185
0.805791
0.930851
0.805585
0.542429
0.803161
0.554444
0.734111
0.553847
0.721308
0.906568
0.652503
0.852281
0.774253
0.805167
0.512537
0.847468
0.695989
0.645082
0.677696
0.512865
0.821048
0.830513
0.78105
0.91585
0.469096
0.714825
0.654377
0.588679
0.818368
0.587555
0.701217
0.876977
0.680246
0.831735
0.680252
0.631116
0.761173
0.923679
0.73801
0.75578
0.752755
0.880625
0.837766
0.498678
0.895048
0.757657
0.757631
0.925132
0.868924
0.681005
0.792468
0.713584
0.556491
0.924287
0.63612
0.790108
0.557654
0.752801
0.861308
0.520225
0.638382
0.735523
0.614796
0.755292
0.689368
0.765497
0.877751
0.554925
0.556107
0.511396
0.47799
0.71821
0.621164
0.760085
0.824049
0.569735
0.699638
0.644338
0.843898
0.797809
0.412227
0.647856
0.617679
0.570581
0.738834
0.634647
0.798245
0.453012
0.675016
0.746841
0.821126
0.498937
0.531302
0.696166
0.556675
0.701199
0.842959
0.887288
0.585826
0.751561
0.601426
