0.707134
0.556009
0.74235
0.821223
0.752214
0.807973
0.736972
0.924508
0.787185
0.855641
0.654673
0.930865
0.851689
0.905861
0.541101
0.845779
0.531419
0.928379
0.761122
0.638707
0.728694
0.900739
0.652497
0.655015
0.848853
0.79704
0.794219
0.544976
0.70019
0.891476
0.621277
0.678536
0.719453
0.644084
0.926612
0.933
0.672972
0.709309
0.913734
0.57476
0.869392
0.766447
0.7297
0.688195
0.829735
0.673329
0.614018
0.825952
0.67939
0.613768
0.919167
0.902022
0.549943
0.50484
0.530583
0.923125
0.813926
0.611926
0.679053
0.853175
0.541862
0.92158
0.843317
0.612516
0.503225
0.678005
0.711474
0.791817
0.898884
0.801436
0.791228
0.722179
0.833438
0.6199
0.661021
0.69418
0.68512
0.67174
0.601181
0.866731
0.680383
0.543021
0.922957
0.897728
0.758529
0.836569
0.824405
0.900704
0.721605
0.827615
0.699366
0.710784
0.614989
0.556901
0.752034
0.604071
0.513281
0.768078
0.430841
0.676567
0.745917
0.919414
0.469176
0.540078
0.680835
0.835556
0.845746
0.514971
0.565548
