0.66349
0.773773
0.671994
0.854135
0.911243
0.900491
0.690544
0.583299
0.706611
0.78535
0.816692
0.781424
0.922097
0.473727
0.728465
0.775226
0.548336
0.819194
0.871023
0.402731
0.62905
0.810854
0.672109
0.767631
0.905426
0.595936
0.779019
0.919817
0.922921
0.649557
0.867914
0.787412
0.791795
0.743509
0.487198
0.916143
0.78541
0.644842
0.719222
0.468896
0.651865
0.783382
0.847255
0.624159
0.563918
0.392146
0.766936
0.596346
0.669523
0.395896
0.660595
0.652146
0.649643
0.519191
0.650344
0.703417
0.675042
0.573058
0.585122
0.591053
0.686369
0.684871
0.693169
0.853698
0.673963
0.846123
0.715632
0.833885
0.843267
0.822551
0.727679
0.415021
0.615671
0.780545
0.661276
0.815574
0.643074
0.733992
0.666462
0.69751
0.866041
0.477748
0.535626
0.885504
0.534527
0.551712
0.496718
