0.729016
0.707199
0.688415
0.66885
0.75027
0.680961
0.784191
0.709828
0.753894
0.751478
0.778213
0.830299
0.807148
0.820679
0.71316
0.881709
0.754502
0.830857
0.727642
0.78064
0.873949
0.777935
0.795777
0.87031
0.826752
0.830287
0.804499
0.87948
0.856476
0.851814
0.800039
0.876836
0.796661
0.836884
0.713594
0.730691
0.631977
0.662715
0.814312
0.706881
0.787563
0.804519
0.780489
0.605112
0.748966
0.71765
0.752589
0.727769
0.718835
0.664136
0.563852
0.737152
0.684691
0.744538
0.727362
0.759038
0.732642
0.729069
0.841031
0.738561
0.811524
0.695166
0.603226
0.827506
0.599914
0.652538
0.688929
0.740026
0.761268
0.784044
0.788605
0.722067
0.77116
0.793796
0.787068
0.767238
0.676148
0.861757
0.716862
0.786779
0.698964
0.880923
0.719409
0.926905
0.833175
0.793426
0.625322
0.730156
0.793787
0.908129
0.781892
0.854704
0.820844
0.892227
0.694747
0.845694
0.790468
0.68342
0.747911
0.79862
0.767827
0.819348
0.732289
0.64001
0.795642
0.78763
0.617481
0.925287
0.62171
0.551783
0.816052
0.602705
0.559474
0.809924
0.895555
0.711854
0.6663
0.743626
0.862489
0.913946
0.660478
0.767014
0.656312
0.723736
0.821018
0.788635
0.47719
0.805829
0.636791
0.866011
0.551379
0.509549
0.579905
0.693629
0.862032
0.679367
0.773467
0.829363
0.698964
0.584042
0.600697
0.838671
0.785164
0.780624
0.91583
0.724588
0.822744
0.835993
0.493389
0.530523
0.922152
0.788867
0.614577
0.832193
0.678717
0.795381
0.88951
0.781941
0.621903
0.81925
0.620916
0.895925
0.842259
0.80219
0.566521
0.635609
0.736189
0.840952
0.516737
0.662863
0.813708
0.859039
0.713417
0.68276
0.567889
0.471636
0.717356
0.533582
0.472467
0.82625
0.741318
0.896638
0.762511
0.814487
0.806285
0.907961
0.68478
0.811668
0.724339
0.792988
0.808041
0.507791
0.770852
0.677096
0.613837
0.826155
0.900796
0.703335
0.541522
0.55557
0.534568
0.72114
0.576349
0.675663
0.680317
0.707194
