0.436934
0.457914
0.398488
0.44329
0.378259
0.506624
0.414712
0.477321
0.422424
0.527941
0.423422
0.470003
0.414506
0.491179
0.41636
0.482872
0.425512
0.443245
0.420336
0.447201
0.440796
0.422898
0.411577
0.442337
0.412415
0.471307
0.448507
0.588179
0.479941
0.497964
0.491005
0.535895
0.548579
0.531546
0.453252
0.568235
0.567261
0.486136
0.528107
0.592186
0.53926
0.521287
0.640889
0.575711
0.561412
0.551015
0.601226
0.609785
0.508466
0.592407
0.605162
0.513983
0.758827
0.671135
0.646716
0.620318
0.743566
0.711612
0.584322
0.768779
0.680213
0.670965
0.713206
0.692853
0.764877
0.866581
0.732723
0.638112
0.630169
0.813633
0.843646
0.8215
0.69176
0.812702
0.884033
0.732459
0.849361
0.777217
0.871837
0.789269
0.807738
0.884863
0.819975
0.826068
0.801955
0.855106
0.851057
0.826121
0.779666
0.875782
0.736644
0.814247
0.869556
0.782095
0.752884
0.720897
0.703298
0.795605
0.771432
0.745035
0.796969
0.763724
0.607925
0.812583
0.71771
0.751479
0.743127
0.721229
0.734773
0.539408
0.742211
0.705306
0.744024
0.695139
0.873669
0.911392
0.652823
0.732096
0.766693
0.77113
0.793665
0.69507
0.672416
0.802802
0.591249
0.671518
0.639647
0.815727
0.761945
0.80991
0.824052
0.728757
0.741475
0.806722
0.784778
0.768496
0.702083
0.861948
0.7
0.780686
0.734446
0.885334
0.760297
0.929251
0.766318
0.660747
0.793518
0.863033
0.751419
0.900767
0.801132
0.860595
0.820135
0.862638
0.620874
0.693843
0.840115
0.909459
0.933708
0.857733
0.915715
0.600038
0.852761
0.877816
0.699353
0.802633
0.835597
0.653635
0.859668
0.853505
0.928572
0.630734
0.610954
0.395629
0.78841
0.900328
0.797926
0.663178
0.886502
0.728322
0.911985
0.767305
0.849391
0.907533
0.880434
0.744062
0.716456
0.596751
0.665126
0.724187
0.794329
0.638148
0.783159
0.921632
0.461494
0.651414
0.696941
0.696906
0.882741
0.89102
0.445098
0.452308
0.773241
0.73028
0.695885
0.823021
0.912711
0.576823
0.823027
0.642136
0.75629
0.90546
0.822661
0.754215
0.692753
0.554052
0.844057
0.569458
0.911514
0.793579
0.796086
0.684776
0.745802
0.607218
0.741008
0.780621
0.745585
0.642573
0.727274
0.438238
0.820191
0.903458
0.561638
0.870035
0.706014
0.837236
0.757104
0.752446
0.463811
0.822642
0.768214
0.610785
0.623032
0.594114
0.7344
0.871888
0.488454
0.83455
0.701006
0.762974
0.785579
0.612189
0.653855
0.698148
0.606164
0.739114
0.713284
0.820469
0.86648
0.463476
0.691672
0.628037
0.866767
0.900307
0.544707
0.764174
