0.918611
0.689933
0.705042
0.872661
0.774668
0.884357
0.588899
0.895027
0.76985
0.749405
0.774831
0.709072
0.688065
0.845077
0.545135
0.921656
0.829627
0.714361
0.916317
0.749604
0.638205
0.865735
0.830799
0.794471
0.530544
0.856963
0.5331
0.879998
0.730152
0.721242
0.529365
0.680395
0.661647
0.841577
0.708048
0.818084
0.928957
0.678502
0.754871
0.499285
0.644004
0.680972
0.912047
0.728475
0.366712
0.742464
0.76874
0.564852
0.617343
0.754372
0.869622
0.820478
0.438608
0.697014
0.868576
0.61291
0.75213
0.662439
0.582776
0.575322
0.702635
