0.404407
0.41522
0.413819
0.412995
0.409341
0.36961
0.408397
0.418278
0.416699
0.445734
0.411942
0.441181
0.42026
0.405563
0.394157
0.454115
0.435458
0.454783
0.420795
0.448097
0.41616
0.415786
0.443117
0.498043
0.436167
0.480784
0.445277
0.523139
0.467705
0.423388
0.452905
0.475407
0.456733
0.48295
0.475731
0.460553
0.491826
0.445752
0.47163
0.435477
0.394556
0.602482
0.498817
0.53224
0.438081
0.524541
0.505645
0.531626
0.507855
0.581301
0.562539
0.49835
0.611714
0.507842
0.553074
0.589077
0.540378
0.572198
0.594314
0.561942
0.490729
0.536079
0.57741
0.662979
0.645747
0.769645
0.669337
0.622288
0.758167
0.707145
0.572085
0.668858
0.719404
0.717935
0.800659
0.737625
0.743877
0.651996
0.611638
0.819448
0.802218
0.839795
0.812563
0.773322
0.719821
0.761431
0.872219
0.828365
0.839695
0.873312
0.81027
0.829261
0.812471
0.849163
0.825314
0.844037
0.796674
0.877074
0.920914
0.828486
0.791825
0.724758
0.632204
0.654405
0.79757
0.769677
0.780168
0.804447
0.778048
0.605281
0.814068
0.703757
0.685897
0.734957
0.713424
0.740572
0.540973
0.748161
0.727885
0.751949
0.695543
0.746734
0.666777
0.6943
0.837778
0.726298
0.793506
0.695325
0.630437
0.815895
0.631673
0.671657
0.647591
0.879652
0.761315
0.796289
0.771119
0.713693
0.759534
0.807795
0.786459
0.825002
0.722624
0.862516
0.689166
0.717731
0.700378
0.881644
0.776102
0.898364
0.919643
0.664412
0.670973
0.682901
0.790486
0.904272
0.781936
0.854704
0.793471
0.888245
0.638339
0.67862
0.93017
0.886045
0.743005
0.890045
0.751706
0.828394
0.740481
0.912933
0.814043
0.682758
0.665154
0.930925
0.841155
0.667032
0.587542
0.763055
0.656995
0.851725
0.55639
0.691908
0.811128
0.782443
0.734813
0.744554
0.835679
0.722184
0.798427
0.851169
0.683277
0.715096
0.823825
0.65484
0.781282
0.877636
0.455538
0.907525
0.676312
0.287504
0.738692
0.796867
0.688363
0.776612
0.922562
0.563689
0.917991
0.881682
0.725415
0.887068
0.505099
0.857286
0.504556
0.916591
0.794168
0.77384
0.817435
0.695852
0.788151
0.507767
0.915729
0.638512
0.856653
0.797215
0.789821
0.707375
0.628787
0.732356
0.651296
0.75765
0.657292
0.439315
0.47843
0.848451
0.719855
0.505904
0.848345
0.612802
0.869953
0.748472
0.842139
0.698592
0.67966
0.922827
0.726584
0.415377
0.776379
0.762752
0.432899
0.754928
0.627572
0.656834
0.730556
0.86013
0.806185
0.811788
0.907331
0.834042
0.814912
0.658018
0.577163
