0.847396
0.739254
0.864208
0.727681
0.763509
0.870379
0.868525
0.786215
0.876197
0.771298
0.868936
0.849798
0.844608
0.828865
0.870831
0.930321
0.836069
0.793633
0.730623
0.678244
0.593428
0.802506
0.79224
0.754532
0.813406
0.768644
0.621457
0.812307
0.714763
0.764992
0.736192
0.714503
0.694489
0.538992
0.692499
0.71186
0.74569
0.738785
0.749937
0.688412
0.736387
0.840518
0.746759
0.793971
0.695166
0.624715
0.814607
0.621359
0.677254
0.64322
0.589691
0.77138
0.857287
0.729714
0.752193
0.803381
0.747138
0.916397
0.735818
0.818745
0.721678
0.862075
0.716092
0.787322
0.702324
0.877602
0.698575
0.923599
0.737971
0.851738
0.793351
0.789805
0.766561
0.927776
0.770872
0.860981
0.820844
0.866231
0.358827
0.60466
0.727403
0.918157
0.595066
0.85931
0.814707
0.630368
0.737034
0.813662
0.736515
0.916392
0.649845
0.834763
0.665156
0.760363
0.841185
0.90418
0.483238
0.805674
0.549
0.668981
0.573664
0.731916
0.912915
0.66608
0.672112
0.717458
0.795231
0.735858
0.79904
0.651272
0.749905
0.584232
0.72801
0.768787
0.78319
0.875858
0.494024
0.722388
0.754937
0.563073
0.814791
0.465624
0.60245
0.693624
0.705552
0.785759
0.837211
0.613352
0.775583
0.918991
0.694116
0.740366
0.81861
0.888411
0.824222
0.521465
0.843505
0.7242
0.726446
0.746664
0.816339
0.678572
0.820259
0.820824
0.71221
0.449615
0.899452
0.628744
0.884149
0.576152
0.812325
0.602127
0.609015
0.766661
0.641311
0.543066
0.637375
0.605281
0.821829
0.673477
0.470747
0.767432
0.573078
0.780199
0.622667
0.671306
0.782024
0.590368
0.761388
0.773654
0.841327
0.50377
0.557605
0.644703
0.84505
0.856334
0.356066
0.873266
0.935875
0.648193
0.69229
0.787173
0.599607
0.734628
0.461696
0.723317
0.50425
0.733004
0.685311
0.930551
0.785518
0.88818
0.594237
0.490041
0.598543
