0.914639
0.71951
0.915305
0.818229
0.891679
0.92163
0.875835
0.667344
0.907792
0.920571
0.723041
0.615404
0.669909
0.788369
0.808346
0.793601
0.878789
0.807854
0.901474
0.63881
0.684926
0.91122
0.644363
0.747883
0.864728
0.678362
0.870354
0.862981
0.741917
0.638
0.790964
0.740513
0.841312
0.764621
0.812763
0.858792
0.874466
0.711633
0.877741
0.637849
0.68254
0.574773
0.782008
0.855823
0.739488
0.85207
0.785029
0.826799
0.576842
0.718784
0.667561
0.715882
0.821366
0.628961
0.782062
0.415887
0.689688
0.884617
0.561209
0.869257
0.716561
0.470461
0.440934
0.745192
0.88851
0.860068
0.680268
0.803174
0.905453
0.698857
0.582241
0.806009
0.922977
0.608443
0.867608
0.916316
0.768844
0.651926
0.560136
0.757945
0.483753
0.908181
0.750877
0.687016
0.608542
0.729338
0.861863
0.673882
0.723844
0.848815
0.69826
0.556874
0.917712
0.638655
0.825193
0.804585
0.811967
0.869432
0.694447
0.760809
0.847269
0.574466
0.867604
0.693521
0.705803
0.713579
0.709968
0.926529
0.59684
0.873467
0.66706
0.634363
0.85172
0.615361
0.805666
0.827631
0.499167
0.75096
0.911272
0.542541
0.935741
0.698083
0.604732
0.738794
0.67484
0.629803
0.471002
0.658623
0.871341
0.474417
0.481003
0.723301
0.77184
0.882768
0.858276
0.774405
0.607799
