0.824205
0.931605
0.634122
0.491238
0.922998
0.632382
0.750226
0.818389
0.793509
0.786067
0.677036
0.783869
0.534357
0.549356
0.797484
0.43347
0.65917
0.710839
0.794803
0.907709
0.601302
0.705174
0.464317
0.7494
0.670524
0.775661
0.580598
0.683944
0.546028
0.87513
0.729674
0.54633
0.65697
0.897016
0.746084
0.842556
0.63741
0.698629
0.778282
0.837985
0.597381
0.724781
0.93578
0.67718
0.619733
0.753618
0.728512
0.561055
0.739115
0.537756
0.684567
0.749692
0.798302
0.504407
0.358864
0.620451
0.867221
0.730035
0.723039
0.659792
0.577832
