0.704873
0.777109
0.742838
0.768568
0.708316
0.923583
0.898674
0.820813
0.614271
0.677985
0.786088
0.925791
0.87708
0.852777
0.812425
0.793979
0.567568
0.840412
0.909811
0.594371
0.859673
0.917428
0.626813
0.789371
0.831773
0.780452
0.912948
0.73048
0.737608
0.84547
0.915309
0.803624
0.874041
0.604373
0.641221
0.907474
0.617204
0.694373
0.753359
0.74601
0.904275
0.667198
0.620754
0.724204
0.844402
0.714025
0.645038
0.757117
0.642083
0.671921
0.710257
0.794142
0.760517
0.484985
0.726078
0.794012
0.501689
0.834022
0.715793
0.88886
0.865526
0.644998
0.79365
0.833106
0.580079
0.778296
0.457776
0.676889
0.810599
0.755065
0.901091
0.888493
0.833164
0.527639
0.623247
0.848106
0.796915
0.663326
0.792549
0.817344
0.68031
0.729497
0.893362
0.774781
0.560006
0.850237
0.628797
0.890194
0.444402
0.453382
0.834728
0.531133
0.690535
0.734535
0.76715
0.928029
0.663242
0.565038
0.436468
0.46219
0.711132
0.730214
0.780402
0.642073
0.662486
0.719478
0.84125
0.610873
0.690932
0.834021
0.826384
0.740238
0.723705
0.617268
0.57797
0.600054
0.854621
0.636026
0.513467
0.811208
0.520602
0.683572
0.708994
0.863479
0.408081
0.479582
0.725606
0.630269
0.7221
0.725423
0.674359
0.684138
0.596382
