0.752927
0.918882
0.908887
0.540896
0.774351
0.914321
0.585902
0.874335
0.909539
0.647729
0.827247
0.57786
0.528882
0.920284
0.851664
0.681692
0.636296
0.579374
0.904524
0.78753
0.871778
0.774287
0.540279
0.92256
0.629189
0.894198
0.551039
0.722769
0.65975
0.808411
0.579767
0.69881
0.785191
0.614702
0.673688
0.601291
0.713736
0.549915
0.846775
0.64649
0.847583
0.897583
0.813021
0.496528
0.772825
0.873264
0.920832
0.741185
0.464826
0.82271
0.515134
0.625132
0.530284
0.631554
0.71293
0.429736
0.697014
0.675152
0.851237
0.828792
0.559889
0.66246
0.613875
