0.828836
0.839528
0.797547
0.918673
0.589178
0.671303
0.853456
0.751567
0.818984
0.805074
0.773128
0.916092
0.916764
0.898179
0.843107
0.827067
0.867662
0.921563
0.875437
0.765562
0.930859
0.750214
0.848216
0.680198
0.647208
0.796079
0.877206
0.887233
0.855247
0.783226
0.885451
0.443473
0.63254
0.916418
0.931185
0.748506
0.795554
0.852655
0.883735
0.744248
0.771493
0.646241
0.819484
0.931229
0.865178
0.604416
0.716892
0.880736
0.751177
0.851438
0.628664
0.89321
0.726932
0.674146
0.753481
0.643777
0.913962
0.639741
0.84006
0.710653
0.565874
0.709096
0.826271
0.671844
0.871054
0.454531
0.747106
0.692651
0.460807
0.400166
0.891524
0.691202
0.887235
0.66799
0.567852
0.667716
0.564045
0.775229
0.919887
0.533885
0.808248
0.754313
0.909328
0.887425
0.814931
0.459779
0.84898
0.752624
0.861209
0.690974
0.760055
0.862152
0.681028
0.740842
0.825866
0.805501
0.451468
0.886979
0.621799
0.876327
0.852776
0.615192
0.804104
0.796194
0.628849
0.894144
0.663737
0.815182
0.674866
0.565384
0.763129
0.911822
0.666809
0.494853
0.55193
0.895358
0.761752
0.784947
0.814348
0.8988
0.680972
0.827526
0.741936
0.711174
0.892511
0.91003
0.507887
0.785513
0.823506
0.792769
0.599734
0.885741
0.749955
0.569291
0.628324
0.932538
0.912351
0.750809
0.530249
