0.84827
0.851433
0.798704
0.874164
0.777668
0.830622
0.744554
0.73041
0.630883
0.721315
0.812931
0.76519
0.785931
0.798365
0.836943
0.634106
0.81239
0.712126
0.751716
0.758337
0.725012
0.732738
0.605395
0.741239
0.686179
0.742739
0.741746
0.747545
0.701459
0.694268
0.838477
0.757586
0.786615
0.692732
0.623521
0.820094
0.585045
0.671657
0.639722
0.611233
0.689559
0.872945
0.728812
0.792961
0.804727
0.777106
0.917993
0.751552
0.837685
0.801221
0.857352
0.894311
0.926827
0.874498
0.663247
0.832186
0.913805
0.771194
0.695858
0.63812
0.786552
0.919731
0.784438
0.767851
0.780374
0.867693
0.691604
0.45718
0.681533
0.824678
0.704476
0.754918
0.907782
0.829597
0.852208
0.779599
0.720894
0.757137
0.739574
0.872584
0.848092
0.49784
0.465205
0.795042
0.864507
0.630915
0.692206
0.912915
0.708175
0.666983
0.764634
0.863786
0.914435
0.692834
0.709098
0.671607
0.729074
0.817644
0.630114
0.780825
0.897533
0.451354
0.677508
0.894763
0.84829
0.606588
0.878642
0.885896
0.645292
0.833703
0.667638
0.612527
0.674947
0.919009
0.638781
0.665499
0.860459
0.858405
0.884916
0.835934
0.509643
0.789255
0.73808
0.795383
0.630313
0.640921
0.805935
0.618317
0.843345
0.821747
0.712504
0.605103
0.70013
0.573251
0.677246
0.827553
0.439802
0.784278
0.80489
0.620151
0.71689
0.895282
0.750979
0.621739
0.751848
0.479802
0.83924
0.708026
0.634513
0.62169
0.662544
0.740428
0.861597
0.687587
0.648551
0.920519
0.738937
0.753739
0.875094
0.916806
0.828102
0.569754
0.60557
0.63522
0.798372
0.411094
0.69883
0.536947
0.573381
0.729037
0.923491
0.864113
0.718709
0.746734
0.693841
0.554549
