0.361255
0.353519
0.341427
0.343167
0.323302
0.357764
0.330771
0.312371
0.322135
0.362809
0.367054
0.363159
0.309886
0.369185
0.357955
0.303832
0.381269
0.383854
0.373452
0.380042
0.37709
0.373516
0.371554
0.366704
0.352494
0.389735
0.411222
0.337187
0.391464
0.390167
0.386967
0.394344
0.369547
0.40446
0.386513
0.395252
0.410692
0.381491
0.403338
0.376752
0.406274
0.403329
0.383477
0.382509
0.456753
0.408668
0.393823
0.394178
0.4086
0.369223
0.392978
0.42167
0.448028
0.436173
0.4284
0.43629
0.380531
0.415611
0.460741
0.401946
0.457776
0.434807
0.531105
0.440244
0.44817
0.487207
0.434135
0.469255
0.441095
0.474756
0.424632
0.485938
0.481507
0.440301
0.492506
0.475884
0.460553
0.448107
0.497668
0.500902
0.494997
0.508851
0.511171
0.394833
0.534168
0.513173
0.524776
0.577272
0.567068
0.452557
0.521074
0.548172
0.563723
0.49026
0.519918
0.510578
0.510968
0.63347
0.572616
0.555874
0.614127
0.571443
0.471485
0.585906
0.54652
0.571485
0.66886
0.594279
0.62164
0.686341
0.598141
0.62537
0.775955
0.732678
0.545479
0.716038
0.57554
0.703594
0.713526
0.66699
0.786294
0.872814
0.724335
0.631107
0.827808
0.807877
0.839931
0.827432
0.754976
0.841263
0.777733
0.849927
0.779562
0.879255
0.849529
0.824844
0.863196
0.808571
0.848964
0.840531
0.80283
0.829509
0.834044
0.832083
0.750886
0.746037
0.674366
0.680451
0.794475
0.787851
0.785782
0.826421
0.832731
0.594382
0.814118
0.708972
0.753576
0.734446
0.789124
0.742068
0.587381
0.692872
0.695048
0.730225
0.720199
0.749255
0.70007
0.692729
0.769908
0.762592
0.786525
0.692703
0.672391
0.801712
0.631745
0.67208
0.701513
0.664411
0.68308
0.870711
0.756061
0.815512
0.805363
0.761516
0.898733
0.793981
0.7527
0.670253
0.863532
0.696305
0.771971
0.697994
0.876765
0.771466
0.910131
0.76314
0.846599
0.679919
0.704837
0.789208
0.826235
0.784058
0.853194
0.803469
0.768192
0.570459
0.731285
0.652063
0.92633
0.686107
0.793367
0.7347
0.872102
0.760339
0.815203
0.730753
0.916922
0.804708
0.840968
0.654608
0.817854
0.874015
0.528692
0.827845
0.879994
0.749377
0.871379
0.656673
0.674134
0.838249
0.738546
0.793959
0.517945
0.816323
0.600341
0.713037
0.80462
0.706052
0.780763
0.866952
0.475243
0.78087
0.916645
0.56335
0.884586
0.455033
0.675373
0.874328
0.637831
0.823152
0.881347
0.605974
0.737327
0.810955
0.922147
0.680723
0.899276
0.785147
0.888956
0.513163
0.902158
0.769317
0.615203
0.679944
0.630313
0.80146
0.800268
0.678408
0.79318
0.827975
0.606179
0.502841
0.662012
0.756074
0.599753
0.852776
0.628727
0.812982
0.796652
0.62053
0.738076
0.62046
0.728172
0.677042
0.720161
0.55405
0.687958
0.495544
0.851647
0.711439
0.877419
0.833503
0.698931
0.740308
0.848778
0.729387
0.765521
0.820682
0.59927
0.70384
0.800632
0.900418
0.855201
0.533761
0.666155
0.695721
0.915501
0.542966
0.503119
0.722928
0.934314
0.82857
0.754486
0.607347
