0.307106
0.326142
0.325784
0.30448
0.319664
0.310564
0.289873
0.3111
0.282946
0.295481
0.337503
0.319622
0.316571
0.302203
0.278093
0.300031
0.322733
0.276171
0.292344
0.343039
0.335706
0.335979
0.334898
0.326265
0.308302
0.340162
0.347527
0.352299
0.325225
0.325663
0.320019
0.333956
0.346986
0.347613
0.344563
0.354185
0.312481
0.313039
0.331824
0.339671
0.329586
0.324168
0.350781
0.340715
0.359258
0.362669
0.359854
0.352398
0.355179
0.332717
0.337984
0.363642
0.328254
0.371286
0.339858
0.368404
0.357242
0.367822
0.365024
0.378027
0.354262
0.372583
0.368623
0.376729
0.32824
0.361826
0.424216
0.377529
0.384001
0.37217
0.366048
0.370501
0.371742
0.40607
0.40795
0.323114
0.430849
0.313786
0.384033
0.432581
0.407699
0.417809
0.401724
0.383297
0.415875
0.394319
0.390056
0.392426
0.385204
0.421305
0.379768
0.419965
0.391098
0.443652
0.461686
0.440736
0.423599
0.454269
0.346398
0.439578
0.436627
0.482603
0.532106
0.428413
0.409907
0.517099
0.40549
0.470074
0.379479
0.507779
0.474194
0.430086
0.481766
0.443847
0.473618
0.417252
0.430245
0.448167
0.46321
0.419752
0.405967
0.47382
0.491297
0.608882
0.517158
0.40807
0.519936
0.509708
0.480968
0.488459
0.525824
0.49556
0.553552
0.55665
0.560458
0.49835
0.502887
0.605315
0.536932
0.551573
0.58296
0.563207
0.602753
0.554786
0.580024
0.540001
0.632728
0.648513
0.609284
0.619594
0.700386
0.720576
0.671966
0.601612
0.749912
0.712856
0.691566
0.687938
0.666912
0.771453
0.640581
0.576499
0.745124
0.700133
0.778935
0.698252
0.819179
0.836293
0.794777
0.734656
0.827438
0.786764
0.847811
0.710815
0.778877
0.880915
0.828429
0.870379
0.870613
0.754175
0.828987
0.805127
0.848964
0.839126
0.826595
0.824887
0.819538
0.825826
0.765966
0.728117
0.646203
0.58672
0.788323
0.770669
0.741008
0.802337
0.772968
0.589258
0.812418
0.708845
0.75923
0.734446
0.755246
0.740861
0.587381
0.737175
0.723294
0.75047
0.714918
0.74677
0.648554
0.729247
0.776357
0.770221
0.811524
0.692968
0.644027
0.830589
0.620227
0.67619
0.639408
0.692388
0.798624
0.790986
0.808772
0.739168
0.756603
0.789308
0.791512
0.77412
0.720633
0.876489
0.713031
0.786992
0.703954
0.877902
0.661445
0.8838
0.739126
0.856388
0.682669
0.669336
0.789583
0.929117
0.814706
0.814433
0.805823
0.565497
0.407057
0.550686
0.728179
0.934684
0.612341
0.735309
0.80144
0.750581
0.813573
0.810576
0.915245
0.716926
0.84707
0.664849
0.930866
0.806494
0.78222
0.795634
0.506216
0.886607
0.515552
0.554615
0.742029
0.835925
0.734553
0.727467
0.865469
0.911985
0.633207
0.766177
0.740733
0.804379
0.859997
0.705469
0.921347
0.447155
0.728503
0.766294
0.501602
0.859886
0.592302
0.873545
0.889088
0.697246
0.773226
0.830751
0.684878
0.584347
0.645946
0.391003
0.780686
0.692713
0.7483
0.887164
0.889571
0.502802
0.900674
0.923567
0.79745
0.911185
0.867285
0.687515
0.731701
0.896378
0.781021
0.815529
0.924314
0.651051
0.852791
0.669256
0.73956
0.652715
0.618143
0.724879
0.689233
0.90237
0.728977
0.456012
0.47936
0.400665
0.569581
0.634639
0.917261
0.674777
0.897324
0.748435
0.844961
0.905566
0.699303
0.684981
0.827303
0.728475
0.462318
0.91105
0.808036
0.647346
0.738082
0.867011
0.86713
0.456527
0.774522
0.48363
0.53059
0.727907
0.468495
0.676907
0.492996
0.629126
0.568198
