0.81997
0.867851
0.835781
0.861422
0.919995
0.802661
0.807972
0.653912
0.871529
0.841584
0.806383
0.593727
0.678891
0.896575
0.639464
0.725957
0.920475
0.794894
0.672255
0.838249
0.744565
0.881346
0.591368
0.574833
0.559034
0.853981
0.546999
0.859043
0.664271
0.765541
0.921337
0.473926
0.806233
0.917783
0.475486
0.860153
0.543763
0.467882
0.901857
0.67936
0.493612
0.90985
0.562146
0.715054
0.922997
0.675851
0.705941
0.869464
0.72939
0.701471
0.932284
0.61129
0.616617
0.906688
0.73582
0.776557
0.630387
0.774802
0.745834
0.731855
0.81024
0.796953
0.690901
0.561358
0.832715
0.622082
0.877757
0.681203
0.817263
0.741265
0.685993
0.520166
0.884867
0.696248
0.823885
0.665861
0.810415
0.435652
0.573077
0.918898
0.70878
0.504901
0.841924
0.826686
0.856026
0.763517
0.822329
0.891801
0.690911
0.708335
0.811307
0.853135
0.765419
0.738774
0.61568
0.875361
0.782135
0.670988
0.611478
0.736522
0.429206
0.651579
0.757627
0.565924
0.602569
0.543726
0.759323
0.813129
0.533671
0.679276
0.518248
0.810038
