0.453787
0.502122
0.330299
0.49642
0.497575
0.534089
0.414614
0.484283
0.523176
0.462623
0.545672
0.560921
0.535021
0.404978
0.491923
0.578083
0.587264
0.635387
0.610785
0.571767
0.506762
0.602366
0.606927
0.584005
0.61946
0.594349
0.631162
0.655051
0.710649
0.790561
0.65874
0.620212
0.786849
0.68635
0.568784
0.746247
0.689026
0.658843
0.752473
0.710204
0.79863
0.699097
0.727652
0.649514
0.779465
0.84426
0.7802
0.768156
0.753956
0.884722
0.754599
0.824246
0.711361
0.810045
0.87867
0.819322
0.872606
0.874083
0.858336
0.875396
0.786903
0.849163
0.821473
0.812207
0.829462
0.817379
0.814629
0.772083
0.728395
0.659033
0.57598
0.74018
0.730397
0.785701
0.806849
0.773353
0.602944
0.814213
0.686527
0.678722
0.744533
0.712639
0.742774
0.5874
0.697332
0.728834
0.716585
0.720104
0.821557
0.911927
0.892869
0.885299
0.826108
0.295063
0.711959
0.851296
0.748289
0.818924
0.597945
0.676095
0.659262
0.505285
0.776104
0.862836
0.735377
0.786795
0.784862
0.771824
0.916397
0.791494
0.826335
0.720964
0.863509
0.714724
0.667862
0.702772
0.878681
0.667366
0.920402
0.566344
0.852456
0.614656
0.628813
0.793469
0.9043
0.887502
0.860972
0.787336
0.79542
0.777223
0.385042
0.60705
0.705238
0.918059
0.587288
0.743731
0.849269
0.751403
0.813985
0.756143
0.743489
0.84646
0.845713
0.887949
0.874938
0.463763
0.714339
0.560059
0.840649
0.544127
0.742319
0.80753
0.828556
0.662412
0.753521
0.866327
0.914128
0.646214
0.538031
0.712515
0.557848
0.889225
0.705526
0.566275
0.931278
0.894347
0.922902
0.460028
0.727206
0.894792
0.705011
0.882614
0.883032
0.457366
0.46925
0.760327
0.690866
0.754209
0.746525
0.918764
0.820327
0.58441
0.708483
0.928877
0.464304
0.83079
0.807156
0.810841
0.681434
0.899136
0.834612
0.537842
0.652131
0.886646
0.768987
0.657925
0.880851
0.860949
0.674198
0.730236
0.861619
0.893192
0.630956
0.870308
0.63845
0.854595
0.806835
0.804369
0.544604
0.856979
0.508231
0.905975
0.704671
0.665404
0.490655
0.46124
0.501711
0.466738
0.530869
0.807753
0.805132
0.892999
0.758853
0.86078
0.804988
0.683867
0.663153
0.920483
0.736602
0.745926
0.766127
0.730836
0.556554
0.725928
0.511381
0.790199
0.431223
0.818975
0.888763
0.583182
0.916463
0.831167
0.829662
0.674539
0.509989
0.742494
