0.368684
0.377558
0.318531
0.371435
0.395669
0.340934
0.340564
0.364036
0.37109
0.348806
0.398972
0.39071
0.362309
0.374577
0.39183
0.347053
0.394845
0.363928
0.391142
0.383024
0.358159
0.379609
0.398214
0.425387
0.431793
0.402786
0.412863
0.390878
0.413345
0.417142
0.396146
0.435256
0.377294
0.417977
0.423994
0.374831
0.456396
0.425632
0.395319
0.402791
0.424655
0.371656
0.385994
0.429521
0.43236
0.43504
0.482723
0.429162
0.466786
0.435245
0.400661
0.470081
0.470957
0.420804
0.485089
0.38689
0.444334
0.453672
0.477014
0.471234
0.43582
0.4673
0.506927
0.430209
0.505822
0.498738
0.513444
0.493018
0.519324
0.494355
0.528272
0.48263
0.479732
0.528988
0.57531
0.563904
0.498633
0.395298
0.592783
0.529103
0.54286
0.627739
0.601437
0.568036
0.651548
0.58177
0.615198
0.610947
0.611038
0.703852
0.700264
0.623941
0.654885
0.599194
0.756253
0.788377
0.706691
0.760641
0.689326
0.671123
0.801331
0.73105
0.765679
0.866819
0.671568
0.720363
0.808741
0.840299
0.815622
0.726984
0.88166
0.754478
0.837845
0.671055
0.787694
0.75211
0.779452
0.778654
0.859654
0.80607
0.868335
0.804532
0.866087
0.831654
0.785875
0.781518
0.877145
0.751715
0.868963
0.803866
0.729679
0.674452
0.570976
0.736306
0.792739
0.775554
0.803214
0.831114
0.618391
0.809432
0.71359
0.751908
0.742201
0.701799
0.681294
0.684609
0.705422
0.68848
0.746561
0.733371
0.747466
0.668403
0.692729
0.835603
0.756061
0.799504
0.692732
0.619246
0.832889
0.590992
0.671657
0.649633
0.688321
0.761699
0.784549
0.816544
0.726355
0.769878
0.786498
0.797294
0.81889
0.715889
0.868156
0.715806
0.784354
0.700455
0.884881
0.775873
0.931704
0.911674
0.724555
0.6131
0.673139
0.792517
0.824783
0.782453
0.860986
0.812343
0.893928
0.761701
0.572326
0.641297
0.655025
0.68399
0.748049
0.819086
0.789013
0.813538
0.808265
0.696646
0.803633
0.850914
0.653824
0.913878
0.835491
0.803516
0.867819
0.800864
0.560487
0.846225
0.636282
0.900754
0.770599
0.74263
0.835078
0.817896
0.535803
0.538293
0.870912
0.68941
0.645097
0.708962
0.820214
0.712262
0.456164
0.919162
0.500892
0.825039
0.44739
0.469357
0.784278
0.89023
0.876352
0.600399
0.853901
0.789342
0.646332
0.589434
0.670517
0.876391
0.878509
0.831671
0.584967
0.639454
0.894499
0.788867
0.752561
0.739691
0.589852
0.678095
0.932987
0.892346
0.591716
0.853366
0.804365
0.81431
0.804976
0.895171
0.602526
0.686893
0.43478
0.545084
0.649851
0.60465
0.702407
0.665703
0.519535
0.666106
0.7264
0.533402
0.685065
0.688045
0.675631
0.768659
0.762722
0.846859
0.500726
0.533749
0.848288
0.916027
0.814078
0.862228
0.608695
0.670365
0.751938
0.669547
0.86521
0.603833
0.465319
0.710347
0.730019
0.556737
0.609594
0.750932
0.638489
0.831912
0.655839
0.751151
0.576664
