0.671109
0.576187
0.844482
0.524745
0.823663
0.899413
0.761614
0.763349
0.792961
0.740042
0.544944
0.854823
0.878383
0.796653
0.709444
0.694315
0.673862
0.713681
0.775183
0.706839
0.780073
0.905512
0.445407
0.755027
0.917781
0.491209
0.820562
0.6108
0.890552
0.873257
0.893867
0.672817
0.804277
0.630476
0.59353
0.65999
0.561445
0.916336
0.917479
0.761804
0.891348
0.861036
0.499757
0.8199
0.765602
0.772798
0.690096
0.721772
0.792675
0.553583
0.642749
0.806652
0.922653
0.69823
0.779749
0.842024
0.73842
0.806243
0.666315
0.792258
0.831938
0.516651
0.892368
0.662543
0.705645
0.68235
0.557756
0.672691
0.509489
0.874187
0.736657
0.831352
0.654862
0.659322
0.920885
0.89614
0.496859
0.770676
0.691998
0.827393
0.705528
0.87281
0.916377
0.66065
0.604188
0.600758
0.661582
0.747584
0.540335
0.781843
0.820964
0.407986
0.692866
0.830105
0.759775
0.886105
0.569119
0.544067
0.694241
