0.328297
0.309023
0.295483
0.300066
0.286835
0.318164
0.306333
0.333279
0.325627
0.343762
0.291476
0.353048
0.332446
0.311312
0.321521
0.349024
0.300916
0.3048
0.355203
0.346108
0.330284
0.356461
0.321749
0.364395
0.355433
0.344797
0.345942
0.313445
0.345629
0.352625
0.30213
0.362756
0.359318
0.359008
0.368386
0.368239
0.320753
0.304543
0.357369
0.374271
0.350226
0.359258
0.356903
0.37468
0.361387
0.359791
0.370174
0.38797
0.376359
0.358543
0.333635
0.394531
0.338757
0.393851
0.373223
0.38395
0.410759
0.381786
0.341889
0.441777
0.385848
0.407601
0.423735
0.405439
0.39689
0.399566
0.376504
0.411
0.366406
0.382093
0.386144
0.43654
0.410337
0.449578
0.368764
0.413049
0.440658
0.439328
0.411334
0.457897
0.402625
0.451227
0.35749
0.475267
0.371277
0.507606
0.44977
0.455483
0.387113
0.364723
0.486021
0.434871
0.463282
0.51846
0.454565
0.473158
0.424652
0.470917
0.459593
0.424503
0.488583
0.4498
0.495773
0.4977
0.462435
0.505898
0.49767
0.489466
0.461788
0.459861
0.496306
0.483029
0.560847
0.505325
0.535718
0.49526
0.469453
0.389946
0.449656
0.593855
0.544294
0.550706
0.563047
0.563248
0.520573
0.578274
0.596626
0.611166
0.603168
0.523506
0.65707
0.660615
0.754244
0.711303
0.51797
0.752832
0.692545
0.694615
0.689043
0.668782
0.710221
0.769479
0.695298
0.87294
0.743139
0.641
0.655632
0.774021
0.837506
0.744055
0.719373
0.881678
0.786776
0.849329
0.777774
0.870877
0.779479
0.871898
0.882981
0.771153
0.896376
0.776011
0.844003
0.850987
0.785356
0.819957
0.871656
0.861728
0.82869
0.73871
0.730723
0.673522
0.565296
0.737633
0.728253
0.776854
0.816576
0.774405
0.722362
0.812338
0.712863
0.683727
0.728139
0.702172
0.624973
0.565583
0.740698
0.697172
0.720844
0.737199
0.782531
0.666797
0.731994
0.825729
0.677482
0.812393
0.693127
0.662825
0.814306
0.641972
0.663881
0.63917
0.406573
0.681558
0.869603
0.751047
0.789721
0.785408
0.777861
0.913612
0.783412
0.825593
0.729686
0.864722
0.729658
0.782536
0.699264
0.875152
0.740316
0.930847
0.751975
0.845684
0.670435
0.650503
0.793968
0.870239
0.891471
0.789909
0.809986
0.891686
0.413401
0.730488
0.841761
0.930389
0.647944
0.748356
0.808517
0.759899
0.808532
0.798884
0.705611
0.761118
0.796369
0.508742
0.571407
0.778507
0.801372
0.636483
0.586219
0.553734
0.726019
0.845428
0.76959
0.668256
0.848244
0.857733
0.737732
0.915837
0.81611
0.846832
0.56823
0.904467
0.461884
0.794312
0.826965
0.780164
0.880056
0.736003
0.917174
0.588512
0.706557
0.445489
0.598154
0.727282
0.753819
0.776985
0.827856
0.680711
0.804265
0.831583
0.927276
0.624537
0.859413
0.892449
0.873465
0.880329
0.845318
0.606863
0.759041
0.923136
0.695873
0.931463
0.872681
0.678912
0.739406
0.715642
0.713566
0.618191
0.390186
0.771914
0.61984
0.681841
0.821695
0.686239
0.627894
0.833044
0.542428
0.663105
0.80403
0.714624
0.68628
0.683659
0.536838
0.866671
0.701374
0.634527
0.852323
0.827651
0.596926
0.899618
0.73552
0.640761
0.755904
0.6459
0.727649
0.712451
0.601353
0.747153
0.6047
0.635669
0.743455
0.429953
0.588028
0.78782
0.501723
0.729722
0.741282
0.771951
0.634793
0.548267
0.619241
