0.568198
0.457464
0.560417
0.514979
0.518922
0.612603
0.439877
0.634898
0.647813
0.566035
0.564616
0.524271
0.633773
0.592451
0.617413
0.464512
0.607792
0.619348
0.711508
0.655421
0.588684
0.613462
0.758122
0.70704
0.68786
0.709673
0.750634
0.706386
0.724721
0.703871
0.769049
0.663308
0.67091
0.831309
0.802134
0.837688
0.808555
0.796587
0.848309
0.702432
0.735909
0.881848
0.781581
0.775246
0.891602
0.812399
0.8747
0.807743
0.848599
0.827718
0.788959
0.812672
0.815277
0.836897
0.786155
0.737136
0.661905
0.597749
0.80438
0.770431
0.741106
0.824604
0.828484
0.604457
0.818974
0.706772
0.678764
0.747048
0.752076
0.710051
0.540153
0.732917
0.722648
0.751448
0.694434
0.752051
0.658079
0.729683
0.822957
0.69746
0.792045
0.692732
0.519862
0.833948
0.60186
0.666149
0.640982
0.896558
0.778329
0.781926
0.831192
0.729808
0.755068
0.787673
0.795851
0.828393
0.721588
0.861461
0.731353
0.781712
0.70131
0.88474
0.716266
0.933416
0.750391
0.851431
0.647516
0.657626
0.795828
0.928493
0.826908
0.783979
0.806352
0.885576
0.736925
0.458315
0.72585
0.496173
0.612453
0.851427
0.91554
0.827815
0.907128
0.865077
0.673991
0.786358
0.834961
0.802701
0.930872
0.802023
0.486053
0.685266
0.891722
0.485054
0.61478
0.780929
0.907311
0.798178
0.728129
0.589144
0.863651
0.907869
0.780478
0.849731
0.65759
0.725159
0.771116
0.695151
0.818668
0.859441
0.914652
0.735764
0.91558
0.499062
0.818169
0.431884
0.534554
0.748762
0.753852
0.775531
0.834578
0.592807
0.758092
0.920415
0.914341
0.794793
0.916413
0.898653
0.840223
0.439438
0.925764
0.88389
0.807274
0.701915
0.664072
0.867146
0.677512
0.790754
0.852383
0.932981
0.847309
0.887923
0.741725
0.919106
0.838464
0.897594
0.748148
0.670132
0.892149
0.677709
0.823745
0.691291
0.663606
0.553199
0.672588
0.62055
0.543967
0.874436
0.749042
0.853093
0.498491
0.646813
0.861875
0.786262
0.718176
0.929416
0.536059
0.70035
0.751409
0.837637
0.801563
0.431704
0.652845
0.751159
0.871191
0.463506
0.59897
0.662676
0.919493
0.878977
0.857094
0.544446
0.755839
0.582202
