0.817786
0.860998
0.845845
0.897813
0.903269
0.885034
0.83838
0.496394
0.932977
0.692832
0.670561
0.82257
0.614002
0.651102
0.709016
0.47507
0.729094
0.859246
0.73137
0.82295
0.806316
0.77755
0.913612
0.785528
0.769765
0.721975
0.855147
0.715806
0.790236
0.8622
0.874892
0.716584
0.914752
0.921326
0.790649
0.680273
0.637085
0.793694
0.907429
0.817815
0.861003
0.803674
0.889021
0.55889
0.69235
0.909958
0.599053
0.754591
0.819645
0.752939
0.818093
0.809697
0.694969
0.799589
0.746561
0.870422
0.909279
0.841521
0.843346
0.457361
0.618643
0.513337
0.887484
0.760495
0.726184
0.86116
0.646168
0.755421
0.836947
0.739677
0.907518
0.681174
0.738568
0.570067
0.713269
0.662814
0.865748
0.925568
0.921647
0.465202
0.917332
0.491195
0.834085
0.534554
0.529477
0.85779
0.680439
0.858888
0.828578
0.600856
0.660592
0.823721
0.920571
0.644701
0.812819
0.91573
0.702806
0.696461
0.863627
0.484474
0.894994
0.921694
0.813012
0.691632
0.62513
0.716904
0.459562
0.792553
0.72432
0.545804
0.885415
0.729517
0.877955
0.835401
0.806863
0.634316
0.673856
0.845734
0.561998
0.666095
0.771516
0.704737
0.740073
0.560233
0.558894
0.910227
0.635451
0.578606
0.633342
0.715541
0.811464
0.798206
0.806256
0.921208
0.796733
0.873429
0.935561
0.847609
0.444609
0.723277
0.556391
0.646507
0.738553
0.455919
0.69985
0.7555
0.915922
0.500963
0.49135
0.677194
0.824987
0.594039
0.655674
0.511478
0.745005
