0.633595
0.632962
0.566468
0.549466
0.584818
0.657816
0.58489
0.609712
0.601127
0.544543
0.570041
0.633656
0.790664
0.707444
0.61714
0.7822
0.706707
0.571947
0.670987
0.803768
0.681287
0.731017
0.709782
0.708243
0.664082
0.81064
0.829695
0.752507
0.720468
0.883904
0.787088
0.830191
0.675686
0.799776
0.651814
0.723183
0.849725
0.88692
0.768705
0.77315
0.858778
0.804093
0.849538
0.845068
0.778196
0.829562
0.840255
0.829135
0.737533
0.730574
0.639212
0.591359
0.741899
0.721383
0.741106
0.825223
0.769108
0.688301
0.809742
0.707939
0.711185
0.707275
0.7263
0.742036
0.655098
0.695417
0.72263
0.738881
0.714127
0.749911
0.667128
0.729953
0.836321
0.739165
0.793085
0.692683
0.538365
0.8119
0.614536
0.667207
0.644789
0.832247
0.827718
0.763066
0.798298
0.822642
0.737075
0.770597
0.804271
0.797689
0.828302
0.729722
0.870611
0.71389
0.773208
0.701622
0.88626
0.77613
0.84468
0.913821
0.756996
0.613352
0.652461
0.792268
0.913026
0.884966
0.859095
0.782514
0.873408
0.616814
0.578056
0.657346
0.927544
0.6448
0.749575
0.794913
0.759709
0.832059
0.792971
0.916374
0.78595
0.844528
0.66522
0.780173
0.690775
0.484647
0.846026
0.89682
0.742901
0.757288
0.888103
0.70861
0.676046
0.822623
0.803033
0.822742
0.816344
0.85995
0.597242
0.72801
0.540263
0.863993
0.803558
0.763544
0.930656
0.729045
0.721101
0.501367
0.844278
0.469169
0.891123
0.730376
0.924656
0.670974
0.826679
0.816969
0.582973
0.918208
0.867448
0.536148
0.889431
0.857172
0.502
0.542665
0.749937
0.801833
0.791103
0.66858
0.9285
0.834144
0.897412
0.787426
0.883846
0.575128
0.626623
0.887974
0.803716
0.814691
0.84325
0.66294
0.515583
0.884579
0.602665
0.675514
0.711882
0.597682
0.685219
0.57087
0.608511
0.630825
0.48409
0.844344
0.755988
0.767495
0.825335
0.779404
0.858612
0.623731
0.730169
0.786996
0.924217
0.852576
0.611656
0.845121
0.581675
0.589297
0.661507
0.531401
0.865205
0.521517
0.509916
0.696367
0.914318
0.778703
0.588937
0.639091
