0.786856
0.728504
0.762993
0.716349
0.769293
0.65259
0.763896
0.819451
0.784925
0.800992
0.807311
0.779165
0.817376
0.682576
0.858362
0.701603
0.681186
0.886807
0.808064
0.829263
0.803216
0.845644
0.848338
0.796955
0.805337
0.82963
0.830145
0.829498
0.71617
0.73012
0.63845
0.598283
0.774714
0.790594
0.776989
0.80479
0.815185
0.697915
0.755159
0.702998
0.751695
0.758593
0.740212
0.702474
0.587214
0.684732
0.740608
0.71648
0.546289
0.748325
0.666777
0.692743
0.644293
0.725661
0.798113
0.692747
0.669264
0.81757
0.621086
0.650914
0.643188
0.685649
0.774985
0.803898
0.817044
0.728855
0.769049
0.786904
0.792088
0.816509
0.71274
0.861585
0.698551
0.748782
0.512578
0.725739
0.83413
0.920307
0.797146
0.710577
0.624263
0.793582
0.861976
0.726267
0.878413
0.802241
0.610877
0.45795
0.64239
0.819049
0.686655
0.632609
0.734499
0.796896
0.752202
0.828233
0.808575
0.669727
0.836895
0.745175
0.873817
0.887827
0.87028
0.604482
0.673441
0.880772
0.754541
0.619266
0.558581
0.622007
0.923179
0.70861
0.852371
0.863187
0.90549
0.825631
0.797528
0.697337
0.559692
0.901291
0.79762
0.542126
0.792258
0.800928
0.447548
0.751137
0.917769
0.561281
0.828887
0.62243
0.890405
0.884711
0.878969
0.6918
0.9205
0.825457
0.405742
0.675366
0.391003
0.798737
0.705497
0.740842
0.870275
0.553462
0.855274
0.556124
0.826288
0.754493
0.79691
0.750196
0.874019
0.693973
0.688929
0.740268
0.843465
0.507024
0.805388
0.766807
0.851984
0.706802
0.774929
0.799979
0.582274
0.829416
0.556982
0.702102
0.782036
0.541897
0.812303
0.681324
0.526334
0.810257
0.657307
0.771981
0.763797
0.810757
0.870845
0.826486
0.644178
0.690042
0.765326
0.920522
0.727221
0.74321
0.626533
0.442506
0.725494
0.568022
0.86448
0.508374
0.71623
0.747178
0.740912
0.541571
0.490511
0.546997
0.784598
0.746057
0.594454
0.635674
0.627082
