0.493355
0.441699
0.506842
0.439263
0.417628
0.477777
0.450452
0.454735
0.458488
0.425543
0.467958
0.470379
0.505543
0.583778
0.518516
0.50006
0.492142
0.516136
0.483775
0.530112
0.495869
0.516175
0.55553
0.552328
0.501728
0.578186
0.538892
0.556795
0.562651
0.540379
0.570326
0.617047
0.598789
0.613103
0.534742
0.551238
0.690739
0.545748
0.730391
0.711019
0.602205
0.752134
0.745028
0.589037
0.808994
0.55131
0.660319
0.713941
0.691584
0.711651
0.871491
0.663035
0.780171
0.84369
0.747204
0.757337
0.830532
0.782302
0.828102
0.748996
0.736742
0.872051
0.738123
0.825363
0.827493
0.814257
0.856815
0.788366
0.84818
0.795353
0.823518
0.823837
0.812244
0.835952
0.798676
0.73902
0.633462
0.61125
0.811457
0.790388
0.787149
0.753466
0.852402
0.587205
0.815079
0.710949
0.741509
0.764321
0.7183
0.863447
0.833782
0.877812
0.842832
0.841856
0.874633
0.818245
0.91627
0.695128
0.698977
0.832798
0.655021
0.801158
0.692732
0.635258
0.697856
0.606042
0.649871
0.63982
0.711875
0.774626
0.81172
0.775613
0.711801
0.769821
0.785513
0.790243
0.824936
0.721545
0.864754
0.737654
0.789844
0.733461
0.892967
0.765988
0.885422
0.862399
0.742714
0.614793
0.642212
0.771055
0.925648
0.785265
0.859612
0.725321
0.876508
0.794373
0.417437
0.604897
0.671802
0.912256
0.689669
0.916441
0.832228
0.630416
0.860046
0.848537
0.652158
0.496414
0.885972
0.800425
0.87043
0.774137
0.886407
0.90796
0.440554
0.619153
0.497468
0.903395
0.500043
0.731111
0.857077
0.74735
0.845309
0.807632
0.80678
0.536689
0.894954
0.601746
0.713384
0.790949
0.922372
0.921586
0.519299
0.539373
0.486401
0.832166
0.790947
0.727338
0.864231
0.686006
0.775552
0.521236
0.812796
0.837871
0.928177
0.654191
0.833187
0.609426
0.889801
0.564253
0.912472
0.760705
0.838141
0.773752
0.765057
0.543814
0.626927
0.842552
0.722289
0.884965
0.870171
0.460501
0.806876
0.653275
0.652707
0.653678
0.870676
0.539165
0.659931
0.519159
0.81855
0.706026
0.667961
0.503338
0.571661
0.453714
0.823762
0.72999
0.468036
0.848554
0.706409
0.882255
0.781225
0.613516
0.714501
0.642204
0.732685
0.472773
0.929477
0.527638
0.606712
0.735105
0.847623
0.866968
0.401695
0.662959
0.870194
0.360537
0.567621
0.703078
0.620926
0.785966
0.779521
0.889735
0.625191
0.581366
0.577188
