0.610345
0.930353
0.693191
0.665433
0.700647
0.600022
0.650975
0.644311
0.667844
0.682683
0.854052
0.73274
0.815132
0.807213
0.776459
0.915751
0.784246
0.75189
0.721975
0.87074
0.714579
0.786992
0.701028
0.873302
0.765924
0.929251
0.816292
0.799242
0.617259
0.624043
0.79596
0.860794
0.722926
0.873499
0.808001
0.728203
0.645872
0.792985
0.932475
0.872226
0.875085
0.595814
0.889436
0.76364
0.852628
0.698664
0.751538
0.676783
0.930743
0.887412
0.777506
0.800078
0.556509
0.608218
0.439653
0.833576
0.905057
0.775878
0.66753
0.814938
0.739712
0.907483
0.729439
0.882171
0.708541
0.561771
0.897382
0.477956
0.787256
0.747519
0.780102
0.87529
0.46181
0.647462
0.640253
0.701395
0.875324
0.75201
0.479103
0.563637
0.462823
0.730213
0.598117
0.666837
0.568577
0.775068
0.90666
0.924218
0.634694
0.780401
0.730132
0.699062
0.836035
0.538315
0.661052
0.752105
0.797539
0.681205
0.722727
0.869941
0.681279
0.805018
0.841058
0.8573
0.89001
0.63612
0.858074
0.842024
0.658756
0.663609
0.615727
0.899942
0.61816
0.775944
0.878983
0.688936
0.91245
0.707663
0.67203
0.595531
0.487441
0.547052
0.565483
0.8924
0.532765
0.848425
0.674228
0.731837
0.917645
0.656976
0.523666
0.684987
0.923068
0.46351
0.923757
0.476746
0.604898
0.489031
0.856369
0.862155
0.426784
0.697164
0.90374
0.692407
0.930948
0.909909
0.757619
0.767687
0.494594
0.593263
