0.342839
0.313276
0.345301
0.349996
0.307562
0.352671
0.348937
0.274508
0.360149
0.357903
0.341669
0.339324
0.353613
0.361387
0.352161
0.335377
0.351142
0.341965
0.374922
0.335139
0.352688
0.309077
0.361298
0.342291
0.306789
0.33079
0.385577
0.385975
0.364908
0.380251
0.340688
0.362891
0.365514
0.34536
0.347438
0.390841
0.391284
0.348001
0.38732
0.338084
0.391125
0.382418
0.379258
0.403825
0.401048
0.372579
0.442189
0.400458
0.403083
0.434585
0.345407
0.41962
0.417866
0.404638
0.438461
0.373909
0.405696
0.39843
0.446696
0.410753
0.446512
0.417254
0.427097
0.356096
0.463214
0.435595
0.402678
0.447207
0.414759
0.454442
0.428657
0.473356
0.366474
0.456166
0.432927
0.404982
0.478583
0.513822
0.41641
0.428172
0.413451
0.489331
0.418023
0.491231
0.489093
0.470756
0.459906
0.496638
0.502953
0.462495
0.505079
0.575053
0.497846
0.475927
0.530435
0.512451
0.483025
0.462784
0.539276
0.507134
0.549299
0.58072
0.50206
0.547564
0.566721
0.494232
0.640075
0.586275
0.566468
0.632132
0.580711
0.639644
0.577963
0.641506
0.578792
0.544561
0.585449
0.761305
0.687138
0.613588
0.753015
0.750099
0.700686
0.605998
0.664374
0.737344
0.751374
0.720083
0.703754
0.753904
0.651239
0.819279
0.836207
0.821287
0.731727
0.833658
0.768972
0.83774
0.670956
0.811824
0.819089
0.830236
0.87711
0.804208
0.854922
0.75706
0.853524
0.799593
0.805063
0.853288
0.870223
0.930996
0.827847
0.751057
0.726266
0.632024
0.613679
0.73928
0.735329
0.785868
0.807541
0.822275
0.698316
0.81354
0.677832
0.754683
0.727012
0.699161
0.625412
0.684641
0.706561
0.716482
0.742872
0.549427
0.752056
0.667095
0.731128
0.838795
0.759274
0.784425
0.692732
0.632819
0.698072
0.577321
0.669081
0.648701
0.898387
0.762148
0.811277
0.779454
0.752494
0.761614
0.80111
0.791146
0.829154
0.721545
0.87066
0.698402
0.782537
0.700746
0.878049
0.744226
0.882032
0.920031
0.816186
0.713044
0.708069
0.775611
0.8158
0.76874
0.866233
0.780665
0.886928
0.776986
0.65729
0.552919
0.628268
0.920515
0.645845
0.916428
0.645838
0.781031
0.820445
0.738339
0.674948
0.680538
0.654226
0.930693
0.797506
0.779897
0.795878
0.888363
0.719716
0.835561
0.905024
0.647887
0.766299
0.765858
0.863844
0.912187
0.770283
0.868811
0.682028
0.726513
0.821637
0.935508
0.865246
0.476105
0.733243
0.658701
0.696973
0.892775
0.881412
0.462099
0.420131
0.733804
0.686656
0.926214
0.601993
0.823885
0.636223
0.546091
0.897373
0.918674
0.657635
0.641126
0.756858
0.700751
0.931877
0.638684
0.61659
0.9162
0.893361
0.796966
0.732775
0.637307
0.817591
0.674047
0.77608
0.887942
0.859755
0.549528
0.769511
0.925143
0.785041
0.809035
0.788463
0.637685
0.610537
0.729568
0.700129
0.665865
0.630177
0.746425
0.473977
0.807256
0.742498
0.494049
0.722542
0.70907
0.814182
0.855521
0.6917
0.886511
0.798494
0.707905
0.457054
0.787907
0.657799
0.605323
0.478812
0.872188
0.841437
0.436685
0.702374
0.647326
0.569402
0.572738
0.837084
0.878071
0.554233
0.649033
0.761871
