0.708271
0.625463
0.631265
0.627716
0.746857
0.584322
0.816901
0.571634
0.710156
0.789019
0.748797
0.74184
0.729531
0.694273
0.704254
0.764338
0.819331
0.843263
0.783846
0.724293
0.881902
0.775004
0.829952
0.654501
0.772248
0.876277
0.705111
0.823228
0.860988
0.81099
0.842978
0.740325
0.84818
0.827054
0.803589
0.819052
0.84353
0.819861
0.915246
0.794072
0.729487
0.632346
0.591739
0.800869
0.775913
0.770233
0.804495
0.77048
0.601816
0.812313
0.700539
0.752916
0.758516
0.754976
0.624526
0.539408
0.692581
0.698124
0.75139
0.71504
0.749581
0.685727
0.727934
0.820278
0.761676
0.810713
0.694594
0.626903
0.830328
0.635384
0.683722
0.638847
0.899489
0.782836
0.800314
0.834203
0.73052
0.755732
0.807344
0.787068
0.774501
0.721148
0.875982
0.715774
0.788551
0.510782
0.765734
0.852056
0.912684
0.841533
0.798577
0.704653
0.709476
0.788704
0.861976
0.848039
0.904113
0.799779
0.92462
0.606815
0.632795
0.929335
0.592305
0.933768
0.81336
0.648888
0.868119
0.791112
0.656534
0.761791
0.745901
0.88236
0.931155
0.848568
0.859123
0.491726
0.800304
0.639411
0.55045
0.743658
0.863831
0.675003
0.72979
0.743929
0.650612
0.914523
0.600867
0.721295
0.778399
0.900832
0.512513
0.820971
0.6649
0.784039
0.921586
0.456146
0.885503
0.59025
0.831457
0.545798
0.754868
0.884952
0.91027
0.670057
0.799995
0.922865
0.530823
0.805716
0.830011
0.923048
0.72383
0.842591
0.756605
0.886663
0.543
0.852971
0.752114
0.811454
0.688912
0.624814
0.636172
0.739675
0.777989
0.843709
0.704499
0.573918
0.905654
0.628832
0.896087
0.68265
0.802912
0.64712
0.627076
0.751129
0.731632
0.50714
0.92047
0.736456
0.716323
0.486391
0.689617
0.537633
0.845283
0.702363
0.609877
0.485618
0.878814
0.699265
0.627565
0.801561
0.67898
0.87172
0.639441
0.612146
0.607135
0.643756
0.680906
0.696632
0.423412
0.798292
0.550613
0.662053
0.768053
0.749857
0.501505
0.468921
0.577832
