0.78578
0.875305
0.756317
0.848577
0.837117
0.799749
0.818161
0.817175
0.832593
0.788245
0.727731
0.673844
0.628599
0.737235
0.706982
0.772498
0.824906
0.822216
0.593268
0.809872
0.709849
0.729284
0.736157
0.794992
0.745064
0.538466
0.678306
0.704282
0.744329
0.738733
0.780663
0.688412
0.722001
0.840277
0.650294
0.786353
0.692732
0.627847
0.828239
0.615799
0.676155
0.642143
0.652653
0.683313
0.817336
0.729276
0.825403
0.810661
0.810762
0.915692
0.797437
0.816129
0.728031
0.864779
0.727483
0.630735
0.697914
0.878088
0.738159
0.93003
0.763397
0.856777
0.670782
0.653888
0.793133
0.912998
0.782383
0.85978
0.788403
0.891949
0.782809
0.36277
0.656269
0.662576
0.793343
0.928119
0.747874
0.796335
0.704571
0.884231
0.775742
0.867171
0.917019
0.785915
0.843214
0.676594
0.856989
0.863974
0.850359
0.44647
0.800686
0.899213
0.54606
0.664233
0.888504
0.657335
0.716548
0.797063
0.793561
0.576685
0.509329
0.707522
0.790801
0.654086
0.782291
0.447371
0.728324
0.882657
0.542923
0.873443
0.721831
0.682384
0.747717
0.709142
0.912548
0.713284
0.646645
0.838041
0.920613
0.885736
0.711128
0.904743
0.919433
0.75425
0.711869
0.9274
0.588152
0.588326
0.921197
0.922649
0.757078
0.626111
0.717209
0.802502
0.63048
0.795602
0.888567
0.913998
0.903302
0.422108
0.932448
0.661726
0.825931
0.643347
0.884502
0.54878
0.483788
0.545092
0.652153
0.706027
0.662363
0.491147
0.588544
0.71457
0.719914
0.824393
0.868399
0.576749
0.930695
0.857613
0.389204
0.821304
0.908488
0.726988
0.745701
0.835755
0.726082
0.604459
0.805702
0.731225
0.829073
0.854568
0.650653
0.429953
0.652759
0.745536
0.863298
0.604588
0.732351
0.756276
0.790004
0.589049
0.549471
0.608633
