0.778043
0.726192
0.809779
0.70158
0.685956
0.764529
0.702241
0.703647
0.538859
0.73276
0.694272
0.751842
0.737134
0.750482
0.669792
0.694936
0.681283
0.64346
0.811444
0.692776
0.670273
0.814733
0.597923
0.676161
0.63838
0.684556
0.762905
0.791905
0.743318
0.721615
0.755445
0.807481
0.797117
0.782455
0.718002
0.861734
0.714239
0.665391
0.859482
0.820765
0.846898
0.919473
0.738716
0.701141
0.658637
0.791496
0.904302
0.887467
0.835623
0.816167
0.889973
0.718122
0.837635
0.909377
0.679355
0.733629
0.819645
0.753365
0.832557
0.814398
0.54584
0.816141
0.744696
0.876012
0.933808
0.861927
0.593727
0.80195
0.556547
0.614989
0.554584
0.702479
0.809876
0.778204
0.852112
0.781115
0.719733
0.544261
0.714528
0.64947
0.709094
0.655021
0.930506
0.900083
0.861898
0.45653
0.758129
0.770635
0.601864
0.497246
0.851187
0.730156
0.880064
0.612862
0.829635
0.580579
0.814912
0.832617
0.651638
0.833752
0.770352
0.890258
0.929169
0.616519
0.621337
0.909039
0.920004
0.78728
0.909917
0.866508
0.678408
0.784447
0.610565
0.683844
0.873904
0.887062
0.615997
0.890065
0.552112
0.5849
0.649407
0.701334
0.528737
0.661341
0.736544
0.671329
0.7272
0.477139
0.918926
0.691946
0.500599
0.53197
0.702799
0.871073
0.75216
0.775766
0.83429
0.846963
0.367369
0.789624
0.570082
0.836346
0.694763
0.590634
0.420775
0.676779
0.88626
0.462696
0.696412
0.904947
0.690085
0.632408
0.604467
0.779589
