0.802133
0.880541
0.925692
0.865001
0.634655
0.541037
0.705741
0.872544
0.677197
0.868644
0.646294
0.651933
0.822127
0.785489
0.793113
0.526525
0.604171
0.857759
0.673562
0.671059
0.723309
0.801956
0.704755
0.889727
0.461666
0.760666
0.687512
0.690539
0.569771
0.558256
0.87939
0.671724
0.71879
0.905609
0.596073
0.617046
0.603872
0.633736
0.583314
0.881281
0.496829
0.85364
0.752949
0.622367
0.761234
0.648894
0.547514
0.539824
0.709621
0.849372
0.749615
0.636649
0.724375
0.769391
0.661726
0.680175
0.8046
0.753334
0.831354
0.487232
0.663259
0.858547
0.724885
0.565362
0.457725
0.733877
0.650094
0.478619
0.817918
0.928617
0.860306
0.763884
0.821392
0.818383
0.848333
0.753314
0.629366
0.705208
0.712967
0.788808
0.915626
0.640929
0.693115
0.854682
0.447537
0.697066
0.728455
0.440893
0.649665
0.828177
0.479049
0.523929
0.729035
0.857105
0.887247
0.523778
0.769888
0.642691
