0.863237
0.811486
0.767736
0.478526
0.681611
0.487143
0.812307
0.86989
0.549679
0.645614
0.732356
0.810871
0.737538
0.916931
0.785978
0.822347
0.653957
0.90838
0.871165
0.523903
0.638111
0.719774
0.901258
0.505605
0.805594
0.902435
0.724706
0.744008
0.785867
0.767096
0.554494
0.858324
0.694892
0.62782
0.706597
0.781703
0.799811
0.780103
0.902781
0.462483
0.359432
0.695903
0.445631
0.627338
0.746884
0.727929
0.624342
0.828316
0.520746
0.744165
0.899456
0.913112
0.846704
0.907135
0.511144
0.874685
0.575732
0.701014
0.903509
0.858011
0.827815
0.695132
0.71431
0.685245
0.876842
0.696396
0.713014
0.742916
0.545904
0.699032
0.793191
0.802168
0.583642
0.72715
0.921418
0.784276
0.71707
0.681746
0.735676
0.906775
0.7801
0.452496
0.827335
0.476015
0.865769
0.778379
0.6412
0.877995
0.729448
0.864708
0.748903
0.807314
0.635086
0.626578
0.512073
0.87425
0.905236
0.72811
0.724155
0.899458
0.892132
0.818821
0.662359
0.817088
0.849106
0.862249
0.43498
0.622532
0.747164
0.511572
0.555383
0.747156
0.785482
0.588015
0.607414
0.568103
