0.824619
0.776668
0.891698
0.825632
0.897601
0.808235
0.84818
0.829195
0.79493
0.822191
0.824485
0.809161
0.82896
0.726826
0.728181
0.631913
0.607628
0.816848
0.794
0.741292
0.806867
0.773542
0.615746
0.808841
0.709794
0.69761
0.764306
0.713172
0.741656
0.587617
0.74072
0.722618
0.749798
0.724342
0.821443
0.901926
0.652967
0.692743
0.642903
0.745062
0.875908
0.693223
0.540378
0.826911
0.635457
0.675443
0.709684
0.898134
0.776526
0.781302
0.506561
0.753355
0.805183
0.77721
0.919141
0.931321
0.77157
0.839665
0.820397
0.831746
0.912406
0.701076
0.875334
0.763951
0.886928
0.842579
0.817608
0.614564
0.653855
0.789255
0.903788
0.783829
0.863245
0.716486
0.88307
0.796985
0.397531
0.529116
0.644712
0.925822
0.932992
0.730519
0.819608
0.786769
0.845
0.729242
0.611701
0.779536
0.74416
0.875902
0.930925
0.891775
0.553975
0.665669
0.879972
0.617883
0.404679
0.560591
0.832283
0.846504
0.776229
0.678341
0.766325
0.850844
0.9064
0.672493
0.877955
0.68559
0.653746
0.849609
0.472559
0.824034
0.6649
0.782687
0.901001
0.474978
0.773555
0.900448
0.473754
0.83371
0.897327
0.451808
0.534699
0.754819
0.880453
0.874753
0.644027
0.800326
0.782111
0.798962
0.5322
0.828262
0.810331
0.923029
0.608489
0.916044
0.706344
0.698326
0.931429
0.615763
0.579795
0.916059
0.84969
0.929007
0.773914
0.654621
0.792241
0.76345
0.846199
0.571339
0.561538
0.869118
0.89156
0.630417
0.891057
0.438388
0.821868
0.638975
0.56846
0.921424
0.865701
0.544351
0.535902
0.546159
0.68669
0.733409
0.727035
0.620497
0.665615
0.596744
0.879037
0.711775
0.703375
0.593271
0.715504
0.865281
0.748871
0.828076
0.619476
0.690817
0.61939
0.665815
0.737469
0.416348
0.916145
0.659464
0.601068
0.515136
0.869785
0.861525
0.445457
0.910912
0.697874
0.633964
0.480759
0.479162
0.691521
0.827781
0.819197
0.578734
0.649686
