0.724618
0.538925
0.732515
0.702762
0.73974
0.729473
0.750194
0.709519
0.692729
0.838016
0.761777
0.812393
0.695325
0.668339
0.812969
0.630056
0.673813
0.638542
0.537056
0.671078
0.764539
0.78707
0.742931
0.725807
0.755655
0.783963
0.617928
0.807883
0.725608
0.864766
0.714657
0.782321
0.734306
0.889973
0.719441
0.933416
0.570756
0.852391
0.614155
0.630523
0.787578
0.926046
0.712308
0.904667
0.804738
0.71021
0.486875
0.632571
0.538472
0.662574
0.621764
0.79238
0.869291
0.862609
0.837794
0.648898
0.785929
0.660573
0.65439
0.930867
0.537534
0.611969
0.518298
0.787429
0.555346
0.871771
0.760647
0.725954
0.863863
0.66623
0.661454
0.746252
0.808126
0.715428
0.649303
0.552135
0.858225
0.651341
0.697309
0.56864
0.815483
0.934851
0.914447
0.474405
0.781097
0.803878
0.696679
0.434866
0.695577
0.730375
0.886224
0.643943
0.808652
0.834537
0.833266
0.809646
0.869935
0.927433
0.651704
0.901647
0.91499
0.761973
0.858501
0.894072
0.859692
0.589831
0.517002
0.471014
0.850872
0.759701
0.742309
0.804128
0.867102
0.665766
0.798428
0.806075
0.708291
0.541794
0.693299
0.790405
0.603509
0.691906
0.804501
0.5655
0.689003
0.744576
0.614829
0.7264
0.431241
0.673702
0.454955
0.820324
0.69673
0.458017
0.480962
0.866535
0.762412
0.781424
0.504459
0.664447
0.663887
0.727383
0.745958
0.91633
0.581501
0.559637
0.696534
0.718178
0.411057
0.74454
0.714602
0.524417
0.629531
0.916483
0.749364
0.651259
0.495026
0.574921
