0.845558
0.876034
0.724318
0.625614
0.66555
0.792602
0.928345
0.772614
0.863201
0.763939
0.767666
0.668101
0.550107
0.680588
0.826432
0.769261
0.929348
0.741582
0.792414
0.758432
0.827833
0.783878
0.919785
0.574738
0.662969
0.748318
0.871212
0.828378
0.761118
0.594895
0.532839
0.842071
0.900639
0.793488
0.626289
0.755316
0.772639
0.862458
0.729701
0.667992
0.763018
0.862654
0.908269
0.791552
0.823126
0.697897
0.671061
0.709026
0.649303
0.793235
0.791482
0.460006
0.710703
0.634875
0.5855
0.827087
0.60778
0.625119
0.677471
0.864745
0.702341
0.458632
0.919457
0.577562
0.925343
0.920157
0.609882
0.711706
0.765548
0.874843
0.85815
0.92891
0.586653
0.635196
0.894812
0.753029
0.827538
0.624834
0.663444
0.855875
0.579271
0.919492
0.729902
0.505104
0.423541
0.935772
0.804109
0.924821
0.800864
0.701386
0.831695
0.497042
0.894009
0.645511
0.823815
0.675938
0.586468
0.601243
0.747779
0.851318
0.68744
0.465127
0.661723
0.850365
0.758931
0.69115
0.835291
0.671745
0.728264
0.771757
0.569072
0.70247
0.859072
0.586483
0.682319
0.610637
0.513099
0.720159
0.708778
0.915015
0.54231
0.696367
0.722708
0.799367
0.857421
0.58851
0.752365
0.57667
