0.313632
0.311565
0.326148
0.300699
0.320603
0.305152
0.321949
0.314239
0.29975
0.329027
0.317841
0.325543
0.291732
0.337901
0.310155
0.320249
0.333964
0.331837
0.34215
0.358344
0.305706
0.321427
0.33523
0.323885
0.341565
0.340369
0.335672
0.320359
0.330911
0.346083
0.35124
0.330841
0.311254
0.360523
0.341411
0.32525
0.361225
0.360128
0.35124
0.370933
0.370901
0.371449
0.367511
0.373833
0.369103
0.345384
0.321144
0.379597
0.374304
0.386758
0.387756
0.32561
0.341432
0.388588
0.344155
0.358024
0.376953
0.359928
0.35912
0.329221
0.330129
0.389177
0.382265
0.369729
0.392171
0.410236
0.390321
0.373984
0.404783
0.393326
0.419622
0.425827
0.406762
0.413137
0.396265
0.401661
0.39593
0.394912
0.399909
0.391194
0.451044
0.41328
0.447104
0.422053
0.391566
0.423686
0.435124
0.419607
0.374562
0.425127
0.450748
0.410921
0.443698
0.375114
0.4873
0.403608
0.441148
0.413744
0.329233
0.458918
0.416938
0.482017
0.410458
0.470252
0.441401
0.411276
0.450987
0.437506
0.478898
0.425869
0.498106
0.432071
0.425561
0.48336
0.470873
0.50963
0.495562
0.532107
0.49845
0.483466
0.530538
0.531692
0.505012
0.580667
0.500333
0.498307
0.5035
0.633132
0.539927
0.554325
0.601234
0.562815
0.660329
0.571006
0.619404
0.649658
0.602644
0.654574
0.652827
0.564762
0.686421
0.549636
0.78309
0.686909
0.667994
0.585206
0.705988
0.788204
0.697965
0.731408
0.697146
0.700166
0.670709
0.780219
0.842589
0.777279
0.735504
0.826705
0.809707
0.812849
0.650985
0.833294
0.790666
0.757355
0.84653
0.885617
0.76886
0.876806
0.775788
0.849538
0.840153
0.82247
0.82772
0.840568
0.836849
0.763892
0.746773
0.660811
0.595246
0.811796
0.792759
0.764464
0.827193
0.759992
0.605945
0.814192
0.688724
0.76228
0.736249
0.808645
0.742539
0.587346
0.700404
0.741417
0.692994
0.713094
0.752022
0.726891
0.708522
0.835587
0.759868
0.787566
0.695166
0.668816
0.800197
0.637646
0.675276
0.638314
0.66392
0.689629
0.859945
0.744734
0.767043
0.787387
0.774019
0.918002
0.788899
0.828297
0.731702
0.861416
0.715806
0.780219
0.922165
0.875882
0.681646
0.884246
0.835395
0.811605
0.707868
0.624167
0.790147
0.808346
0.783684
0.836647
0.821117
0.889317
0.607623
0.722575
0.55549
0.743876
0.880565
0.739936
0.863752
0.764306
0.812755
0.740449
0.916239
0.784692
0.75656
0.872403
0.930867
0.870243
0.813591
0.794673
0.485303
0.901503
0.747221
0.70755
0.904412
0.707316
0.729806
0.791471
0.792215
0.532013
0.720017
0.798887
0.71145
0.601427
0.725224
0.77421
0.751562
0.780134
0.868576
0.456164
0.916181
0.528736
0.817248
0.597788
0.87793
0.878312
0.55001
0.823159
0.73076
0.535365
0.680613
0.927009
0.922965
0.686719
0.778572
0.912195
0.755113
0.830936
0.526872
0.495743
0.806193
0.922132
0.788867
0.744922
0.667761
0.747548
0.806148
0.681975
0.731718
0.788635
0.704922
0.4955
0.849751
0.619981
0.895487
0.554288
0.778146
0.869417
0.736102
0.725872
0.80328
0.496564
0.87512
0.645634
0.689704
0.458596
0.61636
0.724078
0.865713
0.729703
0.497966
0.731342
0.877533
0.761889
0.842067
0.808849
0.903668
0.683726
0.801114
0.732798
0.41634
0.772859
0.591987
0.558412
0.730697
0.605952
0.673688
0.613287
0.420171
0.687633
0.745537
0.79289
0.488642
0.479582
0.602957
0.824145
0.787265
0.854237
0.377849
0.670818
