0.417313
0.437066
0.398262
0.392191
0.440694
0.441508
0.458209
0.418844
0.406584
0.400713
0.435425
0.416581
0.476007
0.403008
0.395229
0.440552
0.458248
0.417184
0.452111
0.475361
0.521989
0.475743
0.47316
0.487274
0.4111
0.493024
0.459072
0.470561
0.496571
0.449199
0.467666
0.504593
0.552762
0.474685
0.493264
0.550327
0.495499
0.517591
0.523115
0.524628
0.454425
0.483757
0.5689
0.548255
0.483869
0.52146
0.533023
0.624109
0.561091
0.637743
0.570913
0.540947
0.650498
0.566225
0.593559
0.640325
0.540537
0.603754
0.657552
0.716079
0.783438
0.673585
0.592985
0.759187
0.743407
0.582639
0.651462
0.679299
0.668822
0.795461
0.755063
0.735928
0.693538
0.732585
0.716004
0.807701
0.82892
0.800103
0.84119
0.835203
0.788871
0.839958
0.696676
0.853888
0.747734
0.78021
0.838163
0.884493
0.811018
0.766604
0.863921
0.764718
0.859911
0.850239
0.844262
0.807018
0.87869
0.919102
0.834324
0.724899
0.754965
0.630861
0.592176
0.740176
0.787489
0.739303
0.805068
0.772539
0.606012
0.796354
0.710398
0.714249
0.734913
0.791991
0.681421
0.663562
0.691853
0.694568
0.715781
0.735985
0.752516
0.666928
0.730876
0.643192
0.665488
0.796923
0.692905
0.578392
0.826852
0.573844
0.651006
0.645705
0.492528
0.683544
0.857076
0.729268
0.873776
0.810333
0.793945
0.921927
0.782875
0.769682
0.704287
0.862975
0.7
0.78893
0.860735
0.81846
0.839177
0.932075
0.764132
0.845228
0.613109
0.709507
0.793694
0.919794
0.782383
0.850119
0.816635
0.889694
0.798084
0.537838
0.64449
0.934675
0.910049
0.705144
0.747439
0.799227
0.766211
0.815186
0.790527
0.569901
0.854733
0.787435
0.930996
0.545313
0.613247
0.547046
0.660511
0.571898
0.674515
0.82286
0.880125
0.697661
0.704394
0.748078
0.840479
0.573588
0.551062
0.84694
0.620927
0.672405
0.713237
0.540218
0.864699
0.581518
0.782301
0.862792
0.475721
0.778081
0.907509
0.702058
0.889956
0.895383
0.473381
0.760813
0.876941
0.865506
0.681481
0.860305
0.920358
0.678866
0.54385
0.827476
0.92301
0.784483
0.705116
0.732766
0.824538
0.637352
0.622389
0.752553
0.844958
0.7485
0.663485
0.749386
0.867022
0.678408
0.777437
0.646975
0.522354
0.880952
0.637704
0.884718
0.550214
0.644118
0.718199
0.779397
0.645549
0.659857
0.733222
0.824376
0.763399
0.492321
0.465835
0.866238
0.712184
0.603731
0.869842
0.559263
0.874277
0.882685
0.4982
0.900705
0.681639
0.919313
0.730833
0.7359
0.894026
0.773311
0.655599
0.603471
0.704047
0.58723
0.853762
0.686103
0.509178
0.545145
0.884033
0.778629
0.861838
0.53182
0.779636
