0.927355
0.671527
0.652747
0.743257
0.496034
0.686584
0.877932
0.895691
0.687219
0.778524
0.919093
0.608227
0.792248
0.882039
0.754197
0.779128
0.766916
0.889804
0.929504
0.585063
0.590446
0.704771
0.75522
0.821245
0.72229
0.698933
0.801523
0.665735
0.798641
0.806835
0.578288
0.884893
0.726526
0.59411
0.736494
0.658294
0.811367
0.743564
0.461809
0.686512
0.645496
0.712153
0.923404
0.553267
0.568016
0.660671
0.918985
0.743479
0.650213
0.640139
0.642257
0.718042
0.846002
0.766879
0.849104
0.859527
0.742386
0.761598
0.864628
0.917296
0.605359
0.618846
0.631872
0.417263
0.702712
0.881264
0.542597
0.688995
0.77373
0.823592
0.600542
0.648128
0.627279
