0.73086
0.630893
0.605527
0.745948
0.79232
0.785931
0.803865
0.762998
0.604935
0.765453
0.712407
0.675402
0.750547
0.787676
0.625351
0.591339
0.734442
0.722058
0.75031
0.725073
0.748369
0.697544
0.730907
0.821704
0.761624
0.825816
0.695516
0.677005
0.828548
0.600014
0.650353
0.645268
0.902769
0.763083
0.809971
0.834723
0.70699
0.781085
0.785047
0.796313
0.827322
0.670127
0.870642
0.715637
0.780726
0.774676
0.891321
0.664339
0.857001
0.75839
0.851257
0.641183
0.707881
0.794578
0.81669
0.771168
0.791379
0.780698
0.892353
0.623914
0.840894
0.91321
0.866785
0.730719
0.54931
0.637226
0.85664
0.871038
0.742929
0.557015
0.764024
0.746331
0.835604
0.521004
0.873633
0.632692
0.681193
0.908264
0.569945
0.851438
0.543723
0.780009
0.837403
0.650014
0.667578
0.729507
0.842153
0.783997
0.542457
0.758906
0.819388
0.478029
0.780857
0.631458
0.775703
0.921663
0.49681
0.748999
0.611561
0.541404
0.873712
0.733594
0.727963
0.928119
0.695387
0.842634
0.509984
0.804053
0.842696
0.885579
0.779736
0.779128
0.91218
0.734391
0.82946
0.928902
0.612115
0.492186
0.911888
0.765432
0.784223
0.717037
0.736012
0.768068
0.817435
0.691831
0.833388
0.896306
0.857009
0.535619
0.851604
0.648052
0.668462
0.652713
0.578431
0.837216
0.55747
0.721495
0.737539
0.719267
0.778606
0.532885
0.664938
0.724886
0.848144
0.701231
0.821346
0.582507
0.657467
0.795168
0.811718
0.63428
0.913407
0.693955
0.767867
0.681303
0.681926
0.864667
0.414957
0.595632
0.742605
0.426843
0.662958
0.904153
0.552556
0.683703
0.888581
0.596641
0.661893
0.597977
