0.90172
0.779167
0.810823
0.816479
0.74306
0.755056
0.786862
0.791574
0.816226
0.721029
0.864281
0.71337
0.780403
0.527572
0.740976
0.847247
0.915783
0.817545
0.711688
0.635964
0.793777
0.92608
0.777269
0.853186
0.792212
0.885457
0.484615
0.72145
0.852679
0.919687
0.933305
0.730189
0.869195
0.771252
0.813494
0.782958
0.641176
0.676628
0.844389
0.930769
0.828743
0.918876
0.434923
0.610173
0.583209
0.896541
0.548701
0.723849
0.862333
0.73184
0.673291
0.743193
0.809298
0.591844
0.799071
0.563059
0.906114
0.459919
0.812347
0.65622
0.782303
0.921635
0.458148
0.915389
0.529097
0.865851
0.881284
0.464278
0.768384
0.665029
0.883058
0.689112
0.832999
0.923935
0.825448
0.549518
0.918885
0.682824
0.743653
0.811586
0.928243
0.562196
0.63148
0.823378
0.757692
0.696379
0.7213
0.697408
0.860133
0.686419
0.787606
0.844467
0.778709
0.563197
0.87036
0.491119
0.757882
0.809292
0.787845
0.805664
0.783615
0.624095
0.83422
0.54976
0.672557
0.68427
0.672981
0.536183
0.836376
0.667954
0.866755
0.680932
0.616885
0.881791
0.668907
0.555479
0.756479
0.822057
0.79369
0.693979
0.775125
0.692906
0.863171
0.675385
0.742653
0.917662
0.637553
0.603926
0.73873
0.513847
0.73629
0.411031
0.697166
0.66873
0.584886
0.556943
0.831295
0.792422
0.593105
0.482875
0.598219
