0.863082
0.85403
0.902971
0.818028
0.851595
0.871419
0.822023
0.856699
0.809545
0.843854
0.914746
0.847652
0.884993
0.856204
0.93506
0.932783
0.692832
0.642615
0.814629
0.603963
0.670388
0.639876
0.590984
0.714036
0.818132
0.730538
0.819101
0.799879
0.77721
0.88176
0.905958
0.77163
0.81069
0.8189
0.855917
0.739058
0.869009
0.743756
0.929251
0.764724
0.854547
0.660861
0.673461
0.786819
0.869516
0.708994
0.904792
0.799568
0.712315
0.525344
0.606059
0.719497
0.926202
0.667241
0.90839
0.882029
0.629975
0.863948
0.791108
0.863687
0.918376
0.800264
0.72951
0.654151
0.905559
0.812085
0.441892
0.787017
0.559962
0.444406
0.721873
0.871398
0.666829
0.65379
0.836993
0.84145
0.770387
0.598609
0.805791
0.803988
0.51409
0.827413
0.823705
0.648366
0.488342
0.696261
0.8856
0.697039
0.8562
0.707911
0.486922
0.740197
0.68084
0.878492
0.767483
0.919956
0.707395
0.532288
0.636028
0.925593
0.699986
0.751966
0.807704
0.891573
0.564324
0.601192
0.784201
0.923125
0.719254
0.730666
0.805583
0.678582
0.729391
0.898898
0.881555
0.565759
0.764647
0.547385
0.761285
0.582202
0.798301
0.812193
0.746569
0.908638
0.572858
0.627205
0.627153
0.734433
0.808431
0.781766
0.587562
0.671481
0.561465
0.846689
0.713923
0.495187
0.497951
0.898543
0.761309
0.817998
0.824106
0.648022
0.736499
0.851505
0.736563
0.422166
0.738997
0.63911
0.751632
0.768873
0.583088
0.86428
0.409946
0.656417
0.749854
0.916795
0.639929
0.652853
0.916457
0.586463
0.769728
0.557146
0.677614
0.578945
