0.281525
0.293775
0.306518
0.31901
0.311848
0.307935
0.290477
0.300233
0.301914
0.299363
0.304144
0.319435
0.306265
0.316055
0.305856
0.302786
0.30992
0.300421
0.300954
0.331763
0.318416
0.316777
0.283078
0.315168
0.279162
0.329713
0.335686
0.309563
0.28667
0.329357
0.329332
0.303466
0.331984
0.332595
0.340958
0.344439
0.305819
0.308822
0.342187
0.335405
0.349792
0.269914
0.336329
0.355206
0.316651
0.351961
0.349438
0.346604
0.3533
0.333862
0.343675
0.360283
0.374807
0.337353
0.354124
0.33205
0.309527
0.366104
0.340873
0.320805
0.327121
0.34876
0.320011
0.364394
0.362875
0.362556
0.37113
0.33766
0.340568
0.374612
0.365489
0.348931
0.349879
0.361593
0.388168
0.376195
0.349256
0.388224
0.373686
0.395299
0.382174
0.401523
0.362744
0.359098
0.424636
0.384259
0.432935
0.360539
0.410739
0.403207
0.407113
0.408643
0.412151
0.42007
0.417215
0.396093
0.450223
0.424089
0.437742
0.421171
0.420111
0.397709
0.427069
0.43842
0.457239
0.435544
0.430842
0.470875
0.385804
0.537269
0.410929
0.446228
0.427211
0.483435
0.418584
0.46882
0.475823
0.516238
0.46576
0.418905
0.487978
0.412984
0.478094
0.481264
0.488953
0.443371
0.440702
0.498494
0.410246
0.454096
0.504372
0.591309
0.516028
0.49606
0.531154
0.495142
0.461304
0.524536
0.538023
0.568391
0.455158
0.575705
0.486313
0.631674
0.636791
0.590809
0.478079
0.61428
0.605728
0.595198
0.63345
0.617084
0.631607
0.560068
0.717332
0.644311
0.660349
0.664467
0.783067
0.728445
0.695231
0.578237
0.669694
0.775277
0.634792
0.718855
0.705307
0.672124
0.691226
0.629583
0.830714
0.778729
0.744519
0.71947
0.878754
0.756397
0.813704
0.713989
0.7669
0.871074
0.837371
0.877512
0.872555
0.752832
0.830534
0.764912
0.848026
0.827528
0.84524
0.828292
0.875658
0.931209
0.810016
0.74336
0.77583
0.757503
0.63284
0.579504
0.764277
0.70695
0.786529
0.808602
0.854214
0.594382
0.815095
0.712476
0.678916
0.76498
0.774586
0.735832
0.55195
0.747438
0.76
0.725152
0.740521
0.749408
0.636536
0.692452
0.643708
0.742642
0.781593
0.692863
0.626716
0.827648
0.643009
0.655706
0.643972
0.507165
0.683055
0.808072
0.747689
0.801046
0.805328
0.772817
0.923603
0.916872
0.884451
0.806668
0.818791
0.894491
0.918001
0.70389
0.877921
0.756719
0.886343
0.736831
0.845292
0.655754
0.634862
0.79363
0.868841
0.755037
0.871202
0.665792
0.898641
0.617587
0.537741
0.718158
0.927715
0.6647
0.556729
0.894071
0.637277
0.645182
0.836479
0.791841
0.601024
0.702445
0.808507
0.882301
0.930925
0.618837
0.57892
0.524679
0.796564
0.886573
0.666926
0.902186
0.727027
0.657241
0.718917
0.798996
0.807295
0.512769
0.646381
0.672224
0.652409
0.776261
0.463493
0.865764
0.791349
0.921205
0.444578
0.744542
0.686254
0.627628
0.434439
0.73376
0.918857
0.620742
0.845766
0.918957
0.631872
0.842754
0.919974
0.635948
0.757269
0.877073
0.723878
0.792494
0.571285
0.917689
0.753296
0.816375
0.686335
0.718442
0.85288
0.697704
0.546943
0.844012
0.717991
0.553766
0.883028
0.620853
0.857098
0.919114
0.820095
0.811615
0.647866
0.593689
0.698377
0.495082
0.635855
0.685275
0.646847
0.756892
0.46493
0.596143
0.828967
0.550386
0.61359
0.815945
0.762316
0.83972
0.593095
0.767943
0.919615
0.4425
0.66804
0.772131
0.565455
0.658321
0.769406
0.866056
0.870247
0.508818
0.806336
0.86306
0.543463
0.684243
0.719947
0.597552
0.591503
0.712887
