0.817711
0.576904
0.842183
0.524627
0.821453
0.622824
0.780825
0.862533
0.451036
0.729095
0.621995
0.88366
0.87901
0.448091
0.47676
0.731762
0.80986
0.612819
0.846577
0.681851
0.581531
0.920779
0.703885
0.918655
0.860528
0.839445
0.644397
0.800382
0.800478
0.665323
0.806575
0.617572
0.754752
0.889784
0.783238
0.833032
0.425503
0.794284
0.429258
0.658657
0.653658
0.752896
0.513213
0.889702
0.616077
0.772151
0.456726
0.603061
0.556563
0.920326
0.725984
0.830022
0.712712
0.675577
0.864483
0.82437
0.496973
0.907354
0.648306
0.920369
0.735528
0.415021
0.87774
0.541607
0.696554
0.654087
0.856532
0.862172
0.617524
0.463491
0.665551
0.741226
0.67889
0.710647
0.724693
0.862172
0.50204
0.66919
0.753875
