0.579982
0.65289
0.543487
0.574687
0.655017
0.708257
0.673302
0.67287
0.664023
0.715864
0.772514
0.582512
0.809145
0.661853
0.576694
0.777173
0.745331
0.792015
0.745904
0.699586
0.75383
0.689073
0.784603
0.840046
0.796891
0.71947
0.829437
0.754883
0.817312
0.788542
0.789076
0.811844
0.853246
0.839251
0.792073
0.83083
0.787647
0.848599
0.837898
0.776142
0.807001
0.869606
0.920661
0.813123
0.911018
0.793424
0.752034
0.724828
0.613626
0.737934
0.730677
0.786561
0.82053
0.834568
0.587567
0.814272
0.686593
0.72225
0.660364
0.735422
0.726801
0.689382
0.692581
0.701267
0.719292
0.719975
0.750163
0.662853
0.741307
0.838975
0.76036
0.786387
0.692747
0.67328
0.817481
0.616294
0.675562
0.626853
0.688567
0.776491
0.79393
0.764523
0.728902
0.755573
0.797173
0.797312
0.795201
0.729977
0.861806
0.647083
0.732892
0.496449
0.82412
0.85318
0.915709
0.724165
0.614271
0.654553
0.785534
0.871036
0.700573
0.894119
0.813557
0.913781
0.621268
0.590896
0.660385
0.91256
0.591842
0.742807
0.810432
0.786139
0.820538
0.730282
0.699352
0.629448
0.739696
0.93079
0.874057
0.594114
0.832017
0.885383
0.547088
0.745499
0.907367
0.817833
0.651799
0.729213
0.839641
0.808685
0.900501
0.538302
0.562341
0.85051
0.777745
0.815271
0.921337
0.471593
0.730782
0.582601
0.819218
0.585028
0.728219
0.878012
0.88586
0.577137
0.818878
0.632163
0.576857
0.898793
0.921477
0.614508
0.602276
0.779451
0.861649
0.834137
0.616814
0.827997
0.789204
0.663182
0.800619
0.665043
0.731392
0.845933
0.736066
0.86859
0.622897
0.925517
0.437072
0.566203
0.801568
0.912448
0.544305
0.847978
0.5499
0.887339
0.736711
0.771984
0.517868
0.70242
0.645294
0.92245
0.712487
0.547617
0.877226
0.483961
0.897237
0.791299
0.899253
0.683488
0.919971
0.764835
0.915221
0.821198
0.599896
0.496703
0.887754
0.862369
0.428902
0.9122
0.850167
0.516884
0.694524
0.931709
0.745441
0.673466
0.528633
