0.335525
0.347506
0.33096
0.332569
0.31491
0.332909
0.325601
0.332983
0.34489
0.330177
0.322042
0.355176
0.308014
0.331421
0.309442
0.349134
0.273239
0.334732
0.356748
0.362983
0.350364
0.353507
0.319345
0.337828
0.331844
0.35856
0.360941
0.348812
0.352457
0.357188
0.326619
0.356751
0.360913
0.369448
0.356942
0.345464
0.328676
0.321307
0.318912
0.375717
0.381808
0.382946
0.359812
0.353682
0.379495
0.357617
0.363081
0.371094
0.342898
0.388247
0.382415
0.373741
0.313229
0.353969
0.380896
0.363864
0.381493
0.404328
0.345471
0.38338
0.372435
0.431591
0.37129
0.43655
0.396689
0.394542
0.392302
0.393869
0.425968
0.405502
0.403502
0.399023
0.422668
0.450282
0.426274
0.450495
0.375288
0.429499
0.382827
0.413975
0.384856
0.382724
0.440302
0.361765
0.448719
0.44458
0.461664
0.426647
0.460657
0.419105
0.439841
0.418483
0.526329
0.395626
0.461282
0.452633
0.443988
0.469713
0.391085
0.477807
0.430332
0.45911
0.431421
0.485927
0.407329
0.437392
0.4702
0.398428
0.505452
0.417364
0.505947
0.479611
0.453117
0.490281
0.510685
0.516511
0.510671
0.465419
0.56445
0.480436
0.580584
0.566774
0.498789
0.519335
0.60856
0.637285
0.583171
0.56275
0.540833
0.552778
0.578216
0.592646
0.612615
0.592375
0.63419
0.686367
0.793643
0.683436
0.541189
0.61633
0.785909
0.549502
0.759826
0.574867
0.534631
0.74171
0.66363
0.722729
0.729626
0.740319
0.719243
0.604793
0.83084
0.76797
0.802267
0.72826
0.777966
0.881758
0.804064
0.71972
0.778051
0.876101
0.831803
0.828168
0.884588
0.816481
0.863699
0.779291
0.848511
0.840025
0.814761
0.828422
0.797435
0.832991
0.772083
0.728488
0.668594
0.681744
0.795658
0.78405
0.776178
0.804454
0.834841
0.620374
0.815142
0.714967
0.678916
0.764371
0.752076
0.743819
0.587571
0.694482
0.717175
0.712378
0.72431
0.749798
0.642091
0.734147
0.798999
0.747817
0.808193
0.698931
0.579527
0.827796
0.636737
0.682459
0.644626
0.593591
0.680982
0.856133
0.745763
0.752333
0.780355
0.777543
0.923616
0.742866
0.766842
0.720951
0.864105
0.670928
0.788136
0.8603
0.873742
0.768949
0.929331
0.73254
0.858348
0.679856
0.659451
0.789204
0.917701
0.822714
0.85665
0.757805
0.871539
0.778772
0.634331
0.523664
0.72723
0.462115
0.937693
0.881602
0.812631
0.840876
0.874683
0.870711
0.697912
0.916106
0.806388
0.717538
0.65426
0.892129
0.738977
0.452411
0.639797
0.745612
0.851725
0.553847
0.652078
0.865262
0.734509
0.761301
0.695234
0.745555
0.906649
0.753515
0.721295
0.907127
0.907735
0.879961
0.759804
0.713965
0.643382
0.671182
0.71841
0.790917
0.751713
0.781052
0.920811
0.459824
0.759144
0.703606
0.689528
0.451362
0.783776
0.88049
0.896137
0.68576
0.87415
0.830708
0.704821
0.409741
0.728156
0.926815
0.922997
0.646616
0.837626
0.523285
0.836939
0.512297
0.623583
0.747788
0.790909
0.749416
0.682669
0.866911
0.660725
0.823496
0.816797
0.837004
0.923999
0.620067
0.853366
0.524154
0.78492
0.63442
0.897337
0.743541
0.910969
0.563358
0.864087
0.553589
0.689049
0.854334
0.723955
0.469452
0.438737
0.444438
0.605549
0.472557
0.769517
0.85228
0.615362
0.802562
0.83825
0.679748
0.920514
0.357666
0.744725
0.770615
0.890355
0.618983
0.699401
0.860072
0.800709
0.600565
0.710819
0.746018
0.862626
0.527057
0.468287
0.729577
0.934771
0.676897
0.496163
0.654585
