0.279051
0.314639
0.312479
0.327588
0.313531
0.315504
0.311873
0.299277
0.287123
0.318423
0.324923
0.335753
0.309856
0.323553
0.317376
0.316314
0.323123
0.265237
0.33491
0.338611
0.342951
0.335913
0.310093
0.313261
0.317511
0.340584
0.320986
0.347003
0.304176
0.315109
0.337736
0.315958
0.339828
0.346553
0.34108
0.359094
0.308483
0.352936
0.345423
0.346769
0.353401
0.336075
0.355664
0.352623
0.374807
0.326468
0.335354
0.364419
0.35193
0.347049
0.329283
0.363489
0.377808
0.371622
0.363826
0.374162
0.385798
0.337846
0.352378
0.384937
0.354089
0.351975
0.341938
0.348702
0.40377
0.391667
0.372473
0.386604
0.381389
0.383545
0.357169
0.384115
0.404948
0.373912
0.392744
0.401033
0.403351
0.387227
0.404189
0.424992
0.380102
0.410058
0.413576
0.36378
0.397255
0.389905
0.365613
0.396677
0.42864
0.438493
0.423474
0.443773
0.389079
0.419615
0.413623
0.43813
0.389892
0.45925
0.453006
0.430359
0.420885
0.453658
0.388164
0.438124
0.486157
0.427574
0.43401
0.466843
0.435317
0.424148
0.475858
0.473242
0.440228
0.473909
0.478091
0.484745
0.487694
0.436709
0.394492
0.493647
0.407127
0.507193
0.431639
0.489302
0.488344
0.375674
0.435661
0.517882
0.415287
0.514223
0.466125
0.522127
0.520982
0.560273
0.470877
0.619481
0.635489
0.556945
0.491734
0.505346
0.614381
0.50629
0.631503
0.592802
0.581917
0.560823
0.570123
0.588756
0.546746
0.769207
0.684135
0.612902
0.535096
0.753015
0.733679
0.691829
0.76974
0.697843
0.76805
0.73181
0.699259
0.602124
0.69119
0.69844
0.780219
0.839719
0.799624
0.734632
0.79224
0.804349
0.839943
0.668244
0.797855
0.708256
0.823228
0.845853
0.79745
0.829428
0.794134
0.849317
0.816022
0.852864
0.82475
0.826897
0.795603
0.828992
0.724136
0.744137
0.633176
0.613615
0.786903
0.789525
0.746412
0.80202
0.835099
0.634188
0.814502
0.710854
0.755975
0.747464
0.751015
0.694422
0.578264
0.687142
0.699885
0.746357
0.71163
0.841038
0.911175
0.880153
0.885188
0.859695
0.91699
0.842413
0.785902
0.786021
0.84579
0.870968
0.79569
0.411933
0.683544
0.813896
0.77364
0.786565
0.806376
0.7776
0.895662
0.791817
0.828222
0.715889
0.862719
0.715676
0.787702
0.750418
0.888757
0.668078
0.906629
0.826918
0.664563
0.626402
0.651522
0.793538
0.913224
0.772333
0.858245
0.766414
0.888983
0.747136
0.47336
0.731081
0.841454
0.919726
0.585225
0.74737
0.801776
0.770708
0.86699
0.79114
0.651036
0.807585
0.755647
0.870976
0.865557
0.785763
0.783456
0.786375
0.562655
0.484063
0.798643
0.901939
0.716466
0.719902
0.732518
0.803865
0.588688
0.712751
0.618664
0.707049
0.824434
0.802129
0.863612
0.465189
0.629575
0.496279
0.829024
0.683516
0.918846
0.613102
0.835099
0.83095
0.408459
0.649507
0.929473
0.922995
0.694562
0.705397
0.820889
0.832496
0.668415
0.721037
0.891787
0.843654
0.694047
0.714463
0.802018
0.617458
0.78897
0.739862
0.784588
0.872537
0.830594
0.638365
0.862137
0.428917
0.79678
0.800865
0.573748
0.871071
0.741344
0.674993
0.928624
0.799626
0.48467
0.404522
0.434761
0.870785
0.729674
0.540797
0.878212
0.804184
0.879414
0.754703
0.876239
0.88585
0.690883
0.665999
0.919985
0.743928
0.755261
0.92434
0.793178
0.604898
0.724848
0.632534
0.752961
0.441266
0.699544
0.750896
0.868608
0.49605
0.635295
0.93037
0.829686
0.879427
0.596659
0.525652
0.743786
