0.637415
0.644561
0.579232
0.625713
0.596342
0.598368
0.583189
0.611072
0.614528
0.668368
0.573407
0.567466
0.694963
0.571225
0.790189
0.686366
0.707016
0.596063
0.668821
0.70938
0.752591
0.770178
0.699361
0.696148
0.872247
0.645587
0.745429
0.779701
0.843702
0.791182
0.763077
0.820857
0.759107
0.840945
0.765381
0.880839
0.780808
0.798515
0.83283
0.810916
0.875524
0.804001
0.849128
0.834868
0.763298
0.823169
0.798155
0.798536
0.81374
0.762139
0.731878
0.643688
0.680011
0.795605
0.71354
0.739074
0.825745
0.835524
0.634721
0.816848
0.714251
0.763177
0.732317
0.702315
0.742036
0.587381
0.672383
0.694205
0.752276
0.729649
0.748775
0.639097
0.733371
0.835241
0.759716
0.793159
0.701787
0.672674
0.82022
0.629166
0.687851
0.644658
0.593285
0.68308
0.814214
0.755076
0.79973
0.807367
0.774183
0.916514
0.917487
0.764558
0.851005
0.818418
0.856348
0.921099
0.70046
0.877785
0.666591
0.864074
0.918506
0.671462
0.614471
0.63743
0.793795
0.903788
0.750425
0.765409
0.759363
0.795255
0.620077
0.438762
0.645796
0.913153
0.607359
0.551823
0.639469
0.873831
0.791717
0.86093
0.919668
0.528496
0.840768
0.787727
0.930744
0.564205
0.541754
0.63538
0.883936
0.771396
0.552115
0.78338
0.811821
0.739905
0.652244
0.72067
0.797409
0.740779
0.816758
0.905154
0.487821
0.867402
0.665461
0.807695
0.447481
0.729967
0.51403
0.566198
0.810735
0.461577
0.561221
0.479888
0.895901
0.668145
0.923601
0.919796
0.71937
0.546181
0.642475
0.817211
0.922075
0.66158
0.757433
0.526619
0.882072
0.837665
0.501791
0.908488
0.763609
0.62379
0.750392
0.664948
0.794159
0.581783
0.574237
0.798562
0.708554
0.792166
0.52105
0.425811
0.808745
0.593484
0.680648
0.793804
0.730364
0.610287
0.626944
0.708255
0.809601
0.717072
0.671029
0.463571
0.574906
0.547704
0.617041
0.785224
0.772867
0.820012
0.877419
0.823211
0.698358
0.677977
0.854734
0.728165
0.357251
0.61499
0.501615
0.621947
0.56143
0.670446
0.734182
0.439669
0.669733
0.718179
0.868069
0.48123
0.536792
0.54625
0.924454
0.540212
0.528427
0.743943
