0.775694
0.816627
0.836801
0.596994
0.809869
0.686671
0.713611
0.713781
0.752092
0.66382
0.615698
0.706439
0.722439
0.730643
0.574151
0.781788
0.659667
0.722125
0.835461
0.727504
0.787454
0.70209
0.673068
0.810692
0.593678
0.670228
0.663023
0.665129
0.680791
0.857834
0.730131
0.784876
0.803614
0.772143
0.921581
0.772047
0.824877
0.731721
0.868424
0.714953
0.788767
0.700911
0.878563
0.765988
0.930742
0.711448
0.858787
0.660946
0.649122
0.793416
0.851028
0.713777
0.874269
0.813573
0.910066
0.437765
0.584969
0.709904
0.914076
0.684215
0.858849
0.814704
0.815964
0.768731
0.818975
0.733741
0.91786
0.851633
0.746498
0.841376
0.855568
0.892587
0.509305
0.804927
0.902651
0.580498
0.693743
0.810115
0.685017
0.731204
0.734641
0.793519
0.538525
0.766471
0.840116
0.479643
0.775237
0.876339
0.800472
0.895995
0.45634
0.728045
0.65701
0.583429
0.817043
0.753373
0.679368
0.707244
0.838678
0.823825
0.592381
0.649438
0.919962
0.885485
0.70146
0.916044
0.76439
0.818968
0.88228
0.571188
0.849937
0.508107
0.92288
0.658746
0.630536
0.727812
0.809218
0.666328
0.649727
0.535493
0.393301
0.819868
0.53339
0.815111
0.894994
0.670302
0.83007
0.555154
0.907045
0.739206
0.67741
0.597981
0.687671
0.645891
0.583727
0.688029
0.819317
0.793292
0.659867
0.900469
0.748526
0.498819
0.491167
0.834021
0.78886
0.744096
0.622688
0.629389
0.542837
0.648956
0.922876
0.917649
0.613226
0.857248
0.769674
0.484396
0.372765
0.623127
0.73495
0.868409
0.805666
0.735698
0.498005
0.743244
