0.311811
0.315564
0.336859
0.33148
0.326829
0.314691
0.307615
0.318982
0.30184
0.339303
0.348076
0.338943
0.333101
0.332849
0.312086
0.325246
0.339338
0.343905
0.3337
0.302247
0.333332
0.324805
0.325294
0.353292
0.344928
0.336485
0.352002
0.359129
0.349763
0.290327
0.3282
0.349885
0.359526
0.346189
0.341549
0.351058
0.32811
0.364903
0.351501
0.37124
0.357097
0.352619
0.362844
0.360358
0.363947
0.361497
0.369157
0.380245
0.384723
0.354772
0.354676
0.379718
0.367052
0.372005
0.344428
0.359328
0.411496
0.37185
0.398362
0.398879
0.368856
0.395948
0.38702
0.362399
0.403929
0.38599
0.409359
0.413653
0.393284
0.412125
0.390653
0.40558
0.413739
0.349819
0.419012
0.459074
0.414013
0.384871
0.397318
0.426263
0.416812
0.445971
0.414448
0.410921
0.399782
0.424665
0.376463
0.363331
0.460475
0.451862
0.376737
0.477371
0.416448
0.520143
0.451261
0.465523
0.378411
0.517908
0.432721
0.460528
0.408202
0.478852
0.375371
0.472823
0.421881
0.444221
0.453792
0.435656
0.478276
0.392112
0.436548
0.435691
0.489397
0.430165
0.3832
0.604123
0.441806
0.530797
0.427749
0.50414
0.47994
0.523316
0.528847
0.485711
0.569178
0.54668
0.498056
0.456706
0.543785
0.499692
0.571735
0.611263
0.621773
0.553779
0.582191
0.649633
0.560758
0.580055
0.700003
0.634735
0.787417
0.686702
0.653092
0.620083
0.786697
0.782295
0.667011
0.594676
0.668881
0.740454
0.732023
0.708064
0.699353
0.556062
0.731788
0.748699
0.754951
0.844358
0.816598
0.730901
0.83465
0.784658
0.847251
0.74518
0.798168
0.880376
0.721144
0.877566
0.872471
0.774665
0.829967
0.742441
0.849538
0.802597
0.846016
0.891214
0.875154
0.920745
0.831774
0.785498
0.730661
0.632813
0.707095
0.815517
0.736012
0.776274
0.777463
0.815774
0.634188
0.8155
0.708972
0.75595
0.726921
0.716559
0.668878
0.683182
0.692509
0.741228
0.743547
0.731099
0.752056
0.735046
0.692729
0.780143
0.75909
0.791955
0.692732
0.630038
0.826956
0.640435
0.681355
0.705948
0.65669
0.682324
0.868177
0.772679
0.79973
0.74362
0.771935
0.91697
0.797512
0.81385
0.722611
0.877244
0.716804
0.76834
0.700911
0.877854
0.76317
0.93003
0.733892
0.852391
0.62129
0.623941
0.787958
0.817898
0.783431
0.860986
0.820817
0.868121
0.745275
0.398782
0.593759
0.729496
0.462405
0.645095
0.745544
0.819577
0.694592
0.872505
0.755335
0.697625
0.916464
0.778587
0.853988
0.665281
0.930895
0.810943
0.89132
0.434146
0.707556
0.666012
0.61607
0.392711
0.707812
0.809832
0.734924
0.716529
0.727701
0.907952
0.660911
0.720307
0.906063
0.902337
0.880947
0.723881
0.708046
0.589585
0.869405
0.491618
0.823962
0.712999
0.471594
0.705876
0.668933
0.487049
0.760035
0.728477
0.86216
0.701346
0.886349
0.8663
0.543789
0.757069
0.594268
0.802229
0.88241
0.900579
0.827231
0.501034
0.779261
0.754612
0.848789
0.6454
0.63044
0.647659
0.855319
0.679668
0.80359
0.709278
0.499145
0.529987
0.79515
0.826829
0.78876
0.663991
0.770231
0.519956
0.65918
0.708277
0.671975
0.544216
0.534672
0.567722
0.632894
0.529633
0.758701
0.807815
0.77574
0.748274
0.858927
0.83867
0.744955
0.648331
0.876778
0.751605
0.928075
0.694836
0.655507
0.724496
0.571104
0.86217
0.900423
0.811758
0.54054
0.523463
0.711003
0.808895
0.830768
0.54714
0.468433
0.701308
