0.380169
0.368903
0.358323
0.342631
0.358323
0.366096
0.341702
0.347317
0.4194
0.358416
0.397685
0.341843
0.383652
0.357089
0.364495
0.400063
0.377519
0.354546
0.413263
0.395219
0.429827
0.380307
0.415482
0.39486
0.397148
0.404122
0.362625
0.406673
0.410223
0.410156
0.390378
0.402053
0.44108
0.42112
0.42393
0.405752
0.45331
0.406681
0.441594
0.370492
0.437469
0.458746
0.433635
0.426062
0.433487
0.440274
0.443286
0.468187
0.482013
0.410189
0.482069
0.51098
0.434494
0.426892
0.435637
0.460254
0.403413
0.486033
0.420147
0.507594
0.514932
0.460593
0.609092
0.519237
0.497481
0.500137
0.53318
0.490136
0.477254
0.548551
0.521984
0.568718
0.465846
0.481777
0.519694
0.578144
0.585569
0.635219
0.579392
0.622635
0.617979
0.593652
0.478745
0.651805
0.641925
0.579014
0.593267
0.674157
0.687099
0.535135
0.645906
0.59374
0.791133
0.62546
0.698275
0.574366
0.668852
0.71262
0.700482
0.744112
0.709861
0.782005
0.615503
0.777683
0.838599
0.821001
0.691744
0.790809
0.792835
0.841552
0.764387
0.871924
0.823436
0.836438
0.838829
0.81099
0.8312
0.823878
0.847834
0.844497
0.787407
0.825493
0.795122
0.830975
0.730111
0.729217
0.640853
0.635427
0.782089
0.769915
0.774063
0.824668
0.804636
0.621763
0.81583
0.706577
0.681924
0.71924
0.787626
0.740602
0.586061
0.695639
0.706054
0.717243
0.737382
0.748942
0.628907
0.692743
0.820278
0.727259
0.874588
0.692747
0.663996
0.70061
0.621149
0.650807
0.650477
0.711814
0.761447
0.799281
0.808518
0.704366
0.755068
0.781964
0.787404
0.826087
0.715889
0.864766
0.706045
0.788713
0.700625
0.877637
0.658014
0.90647
0.82458
0.808467
0.697124
0.687375
0.795409
0.871142
0.852312
0.873205
0.805129
0.904179
0.787898
0.537732
0.67872
0.93545
0.80092
0.862028
0.742423
0.80572
0.781959
0.826793
0.738975
0.924736
0.772311
0.65069
0.678132
0.93092
0.841582
0.909883
0.777154
0.801161
0.560902
0.661602
0.736501
0.874435
0.786317
0.665744
0.744037
0.740798
0.907954
0.71115
0.852498
0.635266
0.688936
0.710256
0.770453
0.835837
0.78144
0.86444
0.45307
0.770089
0.770698
0.614365
0.883068
0.897614
0.451141
0.435066
0.800721
0.878328
0.723266
0.85791
0.833503
0.548707
0.614058
0.763627
0.921149
0.923246
0.751961
0.69785
0.858515
0.707648
0.660852
0.827934
0.900674
0.810329
0.860257
0.668668
0.572889
0.586531
0.668886
0.907603
0.775718
0.821216
0.717787
0.669261
0.92256
0.634898
0.858188
0.429391
0.759893
0.843934
0.566808
0.679264
0.706175
0.720597
0.694527
0.46091
0.748463
0.73538
0.82662
0.686747
0.928629
0.465
0.842285
0.56116
0.899211
0.760694
0.812823
0.636248
0.777774
0.697826
0.842363
0.736584
0.732746
0.920783
0.864927
0.601849
0.728769
0.583779
0.741453
0.720623
0.8852
0.810996
0.916885
0.399441
0.505574
0.665943
0.524616
0.621028
0.602047
