0.873983
0.917879
0.841617
0.916586
0.914666
0.75064
0.850798
0.868328
0.78884
0.840089
0.861671
0.913974
0.829744
0.838616
0.865528
0.819198
0.878144
0.784254
0.817199
0.916603
0.902436
0.885114
0.856763
0.931627
0.933082
0.695166
0.677027
0.817493
0.612706
0.68368
0.644131
0.505312
0.680982
0.829255
0.737346
0.801341
0.799536
0.762205
0.911661
0.787774
0.800668
0.712216
0.854512
0.646973
0.772257
0.902285
0.852151
0.853401
0.905633
0.798697
0.694786
0.644885
0.78555
0.869419
0.730847
0.889176
0.804651
0.89729
0.526903
0.665211
0.836782
0.914852
0.881285
0.739118
0.80034
0.826281
0.904406
0.80597
0.699226
0.917023
0.57936
0.828159
0.807757
0.932938
0.788497
0.550179
0.839581
0.607731
0.551499
0.615659
0.893842
0.646276
0.672255
0.741756
0.869469
0.907387
0.661709
0.698569
0.672196
0.724091
0.824438
0.831018
0.757085
0.469693
0.735391
0.882453
0.561375
0.876391
0.785206
0.473877
0.469147
0.761661
0.669257
0.686274
0.867485
0.922482
0.542246
0.68346
0.925301
0.672744
0.796658
0.541653
0.705352
0.929316
0.857752
0.585048
0.896977
0.746338
0.826051
0.636612
0.770464
0.781898
0.792286
0.794878
0.893363
0.933446
0.806187
0.546069
0.812395
0.646672
0.906783
0.646612
0.802691
0.574814
0.870074
0.500197
0.675915
0.736457
0.672572
0.475508
0.565548
0.670966
0.571077
0.550315
0.567189
0.598955
0.801686
0.864754
0.365653
0.921221
0.920577
0.709742
0.751831
0.9267
0.625079
0.484325
0.747632
0.524629
0.572762
0.458628
0.576027
0.859274
0.869227
0.916149
0.721367
0.779882
0.604765
0.574897
