0.850582
0.855556
0.816086
0.829028
0.807805
0.849163
0.838698
0.820584
0.803731
0.816779
0.833146
0.793506
0.736962
0.631229
0.660522
0.787215
0.789466
0.773329
0.797337
0.831386
0.63415
0.801758
0.712093
0.716979
0.734446
0.746911
0.740041
0.587381
0.706612
0.741453
0.751428
0.729048
0.749207
0.620511
0.716135
0.840957
0.757586
0.788483
0.696319
0.634264
0.829341
0.564272
0.65039
0.645364
0.481435
0.682171
0.815512
0.754113
0.785851
0.774874
0.776703
0.919165
0.797437
0.730338
0.719602
0.8617
0.715607
0.703827
0.853624
0.861037
0.772953
0.921118
0.619678
0.84669
0.625372
0.631381
0.792721
0.766623
0.783419
0.856053
0.78378
0.868405
0.635356
0.651286
0.792811
0.933115
0.721578
0.811705
0.842968
0.855986
0.82768
0.848273
0.917528
0.783606
0.746068
0.881961
0.925796
0.826039
0.88773
0.59375
0.697395
0.900968
0.533048
0.780181
0.857821
0.720733
0.73192
0.747911
0.807685
0.636013
0.831181
0.556733
0.774087
0.463203
0.791077
0.710512
0.868576
0.522804
0.915955
0.576791
0.87725
0.562962
0.735491
0.885281
0.706438
0.922272
0.677258
0.547666
0.66762
0.405347
0.874912
0.881834
0.425268
0.828111
0.506238
0.354959
0.791718
0.726544
0.929125
0.863307
0.695384
0.729391
0.802988
0.745649
0.605401
0.887084
0.615901
0.853371
0.545997
0.813351
0.838159
0.703242
0.605227
0.676278
0.488823
0.499399
0.661384
0.674303
0.666926
0.619579
0.60048
0.722302
0.765307
0.608575
0.87904
0.812838
0.858576
0.766756
0.82509
0.899432
0.68311
0.880836
0.739827
0.416372
0.853135
0.592197
0.740004
0.60091
0.861579
0.773793
0.575792
0.481213
0.70478
0.818986
0.484492
0.501161
0.709538
0.925328
0.518168
0.584578
0.59065
0.71545
