0.357124
0.359155
0.330615
0.361405
0.330148
0.32854
0.36158
0.310652
0.357335
0.327801
0.339537
0.342521
0.301317
0.342401
0.370152
0.348386
0.347367
0.373765
0.367114
0.330517
0.358914
0.346645
0.374656
0.368643
0.343633
0.362845
0.400503
0.389155
0.325547
0.357656
0.35261
0.389448
0.386185
0.364429
0.380641
0.394256
0.38606
0.376574
0.439134
0.400339
0.368594
0.434099
0.410966
0.37058
0.416355
0.363135
0.414072
0.397108
0.420361
0.412425
0.440474
0.450347
0.413093
0.427205
0.387066
0.448814
0.44749
0.440055
0.415095
0.450618
0.405178
0.410893
0.413725
0.471003
0.402366
0.506624
0.438362
0.407187
0.423533
0.489948
0.410432
0.461731
0.46585
0.441296
0.467174
0.483153
0.523909
0.418723
0.483217
0.437231
0.469561
0.448512
0.497625
0.508343
0.470806
0.416128
0.579951
0.483411
0.378488
0.514711
0.507332
0.452376
0.582934
0.504841
0.566823
0.482831
0.497263
0.51832
0.633134
0.510864
0.54582
0.575312
0.551868
0.531477
0.634098
0.600438
0.583274
0.642505
0.617995
0.561315
0.658183
0.748523
0.710944
0.616386
0.783235
0.695631
0.710463
0.688219
0.653736
0.713809
0.656088
0.714133
0.699522
0.696981
0.649267
0.819341
0.82937
0.751871
0.729162
0.809251
0.810161
0.84059
0.770711
0.888945
0.711431
0.849727
0.868878
0.809315
0.829263
0.798946
0.848568
0.83421
0.791039
0.799267
0.84359
0.831539
0.756763
0.728977
0.63254
0.64665
0.789072
0.789292
0.783501
0.804567
0.837632
0.606453
0.816324
0.70177
0.753599
0.755078
0.729189
0.734849
0.555321
0.741765
0.723294
0.749066
0.728947
0.840812
0.911064
0.714341
0.712649
0.835533
0.760501
0.786365
0.695166
0.630038
0.830684
0.601828
0.669081
0.668986
0.665268
0.680341
0.869877
0.761204
0.817099
0.806696
0.776843
0.911125
0.786864
0.761229
0.676044
0.861391
0.713826
0.66558
0.750203
0.871956
0.714449
0.878279
0.593147
0.858095
0.615593
0.66046
0.789255
0.847198
0.75972
0.882134
0.804285
0.91361
0.777096
0.488353
0.58723
0.636598
0.788129
0.931206
0.730688
0.814125
0.845735
0.877028
0.835275
0.86675
0.916969
0.779189
0.822348
0.765685
0.870188
0.495572
0.683562
0.545392
0.799633
0.886126
0.823922
0.682456
0.687758
0.67827
0.71532
0.8691
0.905892
0.761555
0.813073
0.71243
0.668766
0.697323
0.779193
0.606154
0.780089
0.872545
0.447918
0.650541
0.531085
0.824923
0.669789
0.694349
0.612817
0.800551
0.630015
0.556752
0.820053
0.820794
0.795274
0.655813
0.919165
0.909239
0.888604
0.477732
0.831824
0.745591
0.785738
0.613356
0.774578
0.814681
0.696351
0.714036
0.667115
0.7816
0.451719
0.698711
0.766744
0.428918
0.653793
0.61186
0.750674
0.829922
0.516524
0.648604
0.733724
0.705133
0.560838
0.599587
0.535601
0.907746
0.782911
0.79435
0.533955
0.882633
0.84718
0.50401
0.884857
0.748423
0.794492
0.884586
0.767179
0.730738
0.607135
0.583743
0.617235
0.711283
0.438801
0.684455
0.71715
0.488642
0.696164
0.72185
0.523234
0.732805
0.63719
