0.850905
0.914514
0.815997
0.835889
0.888323
0.818718
0.847946
0.79303
0.820347
0.911444
0.718055
0.74174
0.83248
0.768618
0.856448
0.692732
0.647076
0.823893
0.599827
0.675435
0.65117
0.678437
0.798197
0.780581
0.834686
0.745115
0.761902
0.787543
0.795231
0.824376
0.670977
0.863094
0.715085
0.783088
0.699725
0.877539
0.750189
0.93185
0.579654
0.853767
0.660247
0.651101
0.787894
0.864383
0.88792
0.859761
0.820787
0.885344
0.778068
0.60714
0.622655
0.627106
0.91222
0.59469
0.729698
0.797224
0.75871
0.816492
0.729427
0.549713
0.721776
0.75732
0.875266
0.930925
0.800731
0.777925
0.781635
0.560774
0.379855
0.828269
0.898138
0.662762
0.739382
0.654925
0.907969
0.77306
0.841068
0.885406
0.815967
0.88657
0.874843
0.916083
0.724168
0.690739
0.646986
0.882885
0.890957
0.441425
0.578711
0.867038
0.729022
0.866441
0.700851
0.787137
0.920641
0.514915
0.658654
0.821006
0.920802
0.617801
0.916311
0.783227
0.882806
0.856596
0.542122
0.687376
0.769221
0.788188
0.738197
0.627869
0.673416
0.778349
0.780179
0.688549
0.798204
0.77546
0.894026
0.8417
0.817121
0.605864
0.62896
0.866507
0.780164
0.828093
0.566132
0.914616
0.705204
0.671015
0.700556
0.475686
0.699067
0.729674
0.548992
0.85155
0.934025
0.728055
0.657172
0.533683
0.886449
0.496461
0.765895
0.613427
0.725447
0.611959
0.713946
0.561259
0.753909
0.446429
0.665703
0.653362
0.915889
0.409762
0.548207
0.726701
0.767399
0.669779
0.676729
0.680254
0.764936
