0.843899
0.816161
0.871418
0.920575
0.82878
0.73974
0.74363
0.631068
0.611083
0.757674
0.792814
0.740901
0.806454
0.835
0.588286
0.809773
0.645522
0.733383
0.746491
0.756992
0.701839
0.556099
0.693688
0.716291
0.716769
0.740596
0.749878
0.709132
0.731994
0.840722
0.759934
0.834013
0.692732
0.670292
0.826947
0.590422
0.676139
0.633317
0.663151
0.682452
0.871398
0.729857
0.825484
0.79961
0.772086
0.916514
0.7945
0.814812
0.726063
0.870673
0.715728
0.665349
0.703858
0.874695
0.742102
0.930145
0.738555
0.846778
0.681346
0.696111
0.796163
0.766004
0.727087
0.867015
0.665171
0.906014
0.525295
0.528857
0.636382
0.801723
0.933734
0.871792
0.818455
0.711809
0.797695
0.804085
0.855705
0.916944
0.771573
0.651897
0.802297
0.917003
0.798024
0.587108
0.787663
0.928172
0.73987
0.55052
0.742837
0.905647
0.646804
0.822639
0.762283
0.797606
0.77061
0.672781
0.721368
0.908914
0.881394
0.746486
0.711175
0.621647
0.645881
0.709094
0.821465
0.783044
0.902782
0.912441
0.749409
0.933808
0.702628
0.477264
0.670461
0.731067
0.656233
0.588881
0.73865
0.598181
0.828463
0.615939
0.783925
0.742481
0.712269
0.892716
0.603165
0.815732
0.846705
0.616392
0.848677
0.596102
0.902274
0.794032
0.78466
0.742986
0.643176
0.918217
0.577972
0.883861
0.4424
0.656715
0.761965
0.734663
0.723359
0.705691
0.895896
0.789316
0.457884
0.787258
0.455604
0.815316
0.681853
0.603547
0.847499
0.688684
0.841774
0.733893
0.621218
0.758794
0.810931
0.768674
0.924191
0.695544
0.613972
0.747136
0.553039
0.628326
0.418888
0.670866
0.755088
0.895508
0.569196
0.706761
0.778805
0.673072
0.766048
0.874644
0.593484
0.638565
0.626215
