0.829077
0.805189
0.849163
0.827554
0.834732
0.826943
0.816796
0.829003
0.771913
0.759498
0.677521
0.603889
0.798407
0.723275
0.782963
0.802648
0.804238
0.719886
0.812396
0.710688
0.749589
0.736249
0.752522
0.742068
0.587381
0.732887
0.722618
0.715781
0.719552
0.749911
0.712158
0.693568
0.839855
0.75894
0.812038
0.692768
0.558382
0.830398
0.601225
0.671645
0.70559
0.680398
0.76191
0.813198
0.793103
0.729975
0.770148
0.8049
0.791995
0.828429
0.724523
0.861235
0.715607
0.790214
0.704371
0.865567
0.659787
0.855756
0.562977
0.861046
0.791808
0.793817
0.752694
0.848244
0.714031
0.872647
0.807937
0.712315
0.675148
0.468451
0.71997
0.931208
0.730221
0.908028
0.833069
0.871106
0.884827
0.563754
0.802639
0.847086
0.78653
0.861029
0.809053
0.522602
0.794445
0.54761
0.608328
0.624526
0.629213
0.721708
0.901405
0.684826
0.718662
0.782827
0.815938
0.658511
0.862232
0.879188
0.546999
0.821637
0.642945
0.621015
0.748926
0.917846
0.701165
0.81851
0.508506
0.591862
0.918378
0.612819
0.834471
0.775238
0.570053
0.757012
0.833866
0.910089
0.602644
0.916321
0.874615
0.664493
0.785564
0.904722
0.857302
0.590129
0.491822
0.919794
0.800803
0.829882
0.710532
0.753136
0.770783
0.787423
0.67554
0.5381
0.671073
0.6203
0.389075
0.806766
0.596231
0.737517
0.657687
0.783467
0.656452
0.685684
0.721524
0.591898
0.804698
0.590459
0.620001
0.646269
0.867139
0.729674
0.706217
0.491704
0.87927
0.760948
0.856209
0.529085
0.900745
0.681195
0.913553
0.703553
0.463922
0.928749
0.65815
0.722522
0.691801
0.599514
0.736052
0.430627
0.70298
0.774727
0.882947
0.631003
0.733438
0.723905
0.834635
0.59346
0.506698
