0.773133
0.701224
0.663882
0.665234
0.78309
0.728661
0.667206
0.595027
0.664236
0.733405
0.706927
0.800621
0.704225
0.763474
0.620527
0.780046
0.844244
0.759521
0.719373
0.881757
0.790402
0.845463
0.745639
0.787242
0.825353
0.825779
0.875425
0.871709
0.78605
0.869529
0.805836
0.865945
0.849872
0.788289
0.798826
0.865814
0.746135
0.910134
0.761802
0.730668
0.63272
0.593753
0.796146
0.734096
0.785675
0.813752
0.79239
0.636498
0.812561
0.710529
0.764707
0.735837
0.796543
0.738236
0.629987
0.693205
0.779179
0.74569
0.730074
0.748857
0.691432
0.713521
0.84083
0.737706
0.787314
0.701819
0.672785
0.827796
0.635646
0.676337
0.584181
0.597467
0.671161
0.771557
0.804085
0.828469
0.706304
0.758871
0.806967
0.786866
0.828222
0.646381
0.864702
0.714656
0.744307
0.702115
0.888997
0.77613
0.912156
0.746106
0.854789
0.659067
0.693599
0.794243
0.908129
0.77569
0.853216
0.81112
0.889282
0.382998
0.603948
0.727356
0.766737
0.932472
0.612185
0.799894
0.77123
0.813487
0.792954
0.922996
0.788405
0.758782
0.654608
0.818083
0.505583
0.616486
0.521788
0.810075
0.888629
0.739576
0.811086
0.703103
0.66719
0.704983
0.714462
0.871219
0.914178
0.692451
0.906755
0.904242
0.879931
0.753238
0.710376
0.596508
0.84851
0.773543
0.826968
0.882231
0.72915
0.870018
0.531173
0.86365
0.531738
0.689061
0.682472
0.825327
0.673062
0.519498
0.614064
0.72569
0.417056
0.876367
0.665783
0.885236
0.583738
0.593755
0.570023
0.559008
0.62437
0.875671
0.638979
0.780271
0.799059
0.705519
0.613548
0.924513
0.637135
0.863618
0.431402
0.814934
0.900042
0.910252
0.544403
0.825801
0.550276
0.894252
0.660914
0.814797
0.662977
0.501521
0.567762
0.717822
0.864608
0.686898
0.486272
0.91298
0.678723
0.852866
0.76572
0.785651
0.648979
0.920601
0.6947
0.734481
0.877947
0.759637
0.617753
0.600403
0.608818
0.744487
0.409525
0.662896
0.710077
0.47627
0.729371
0.931586
0.732165
0.860018
0.596275
0.549997
0.569894
0.529124
