0.781943
0.752648
0.775758
0.79385
0.785126
0.806203
0.814692
0.797525
0.84583
0.765415
0.871894
0.780172
0.780514
0.88311
0.760678
0.829045
0.812972
0.848048
0.750926
0.810105
0.793335
0.837996
0.836897
0.752232
0.729679
0.660171
0.592112
0.795605
0.77015
0.776242
0.80479
0.854363
0.613117
0.813536
0.686745
0.697809
0.746791
0.702224
0.677074
0.663242
0.69084
0.729369
0.751448
0.741467
0.750098
0.712
0.725552
0.641522
0.633574
0.790892
0.692732
0.623839
0.815995
0.590422
0.650975
0.625517
0.638087
0.684052
0.856563
0.751567
0.765912
0.805114
0.731823
0.916356
0.797117
0.824092
0.685512
0.875982
0.714778
0.66661
0.444967
0.822512
0.841629
0.913821
0.798744
0.703083
0.652867
0.793469
0.818915
0.777269
0.843273
0.786552
0.886737
0.776933
0.450376
0.459537
0.723876
0.919449
0.928394
0.736459
0.822455
0.655585
0.833498
0.814461
0.928738
0.762183
0.656095
0.681076
0.932943
0.887466
0.489461
0.787162
0.546424
0.900576
0.389899
0.714253
0.8634
0.72291
0.723213
0.786951
0.806213
0.658577
0.79578
0.715876
0.625803
0.713552
0.785057
0.839261
0.875856
0.455538
0.650921
0.55832
0.831839
0.571691
0.643304
0.743505
0.730914
0.636897
0.772776
0.775393
0.710671
0.594247
0.882965
0.643193
0.853884
0.802899
0.624148
0.811959
0.927984
0.84599
0.49266
0.818609
0.840317
0.720526
0.578619
0.573041
0.673994
0.922201
0.778088
0.805866
0.802532
0.550183
0.88176
0.614154
0.866598
0.694121
0.516443
0.547765
0.781389
0.860602
0.519129
0.68945
0.736458
0.675244
0.5426
0.712497
0.470321
0.708271
0.5391
0.479255
0.762985
0.84987
0.597321
0.74892
0.919035
0.67665
0.697857
0.82611
0.932003
0.770235
0.73069
0.604524
0.797415
0.647277
0.638962
0.72545
0.902921
0.772851
0.60189
0.572212
0.915366
0.589329
0.915022
0.55317
0.688732
0.636317
