0.683885
0.828204
0.761485
0.86252
0.808661
0.777582
0.915849
0.917487
0.753884
0.898632
0.872917
0.714516
0.721097
0.701607
0.874695
0.719815
0.92075
0.921258
0.722045
0.695001
0.659487
0.793787
0.858431
0.709771
0.880083
0.80487
0.636001
0.752377
0.727804
0.699711
0.553447
0.820711
0.757693
0.826243
0.736515
0.587795
0.701638
0.801878
0.884687
0.870715
0.588704
0.795386
0.89709
0.630641
0.734203
0.857146
0.778204
0.681365
0.842777
0.780391
0.793444
0.755794
0.720398
0.712169
0.621408
0.709001
0.775992
0.601982
0.651591
0.486807
0.696643
0.543865
0.862341
0.685125
0.728562
0.865372
0.701297
0.921003
0.918835
0.534932
0.830811
0.826705
0.922977
0.618421
0.916314
0.91582
0.750156
0.672198
0.845285
0.507289
0.511858
0.915099
0.634044
0.653207
0.72267
0.587755
0.853237
0.696131
0.746817
0.812683
0.844821
0.677437
0.783015
0.460145
0.914552
0.657317
0.687375
0.884931
0.753625
0.800395
0.688936
0.672584
0.676425
0.67267
0.564377
0.712528
0.721057
0.68805
0.483605
0.845913
0.71353
0.575812
0.875791
0.735261
0.890841
0.898712
0.697913
0.533929
0.875363
0.700816
0.737247
0.762882
0.621938
0.730298
0.607614
0.710847
0.627453
0.427155
0.664415
0.759633
0.41613
0.58729
0.73519
0.832052
0.807877
0.684513
0.511295
