0.353261
0.287494
0.353384
0.354547
0.349718
0.353631
0.293498
0.313045
0.354878
0.347869
0.336422
0.337349
0.350976
0.352302
0.353393
0.345272
0.369336
0.371459
0.326487
0.360035
0.366642
0.356858
0.342113
0.297697
0.381817
0.331176
0.380462
0.377863
0.394032
0.361592
0.369418
0.364849
0.358943
0.37935
0.415781
0.364287
0.33784
0.317291
0.377683
0.399064
0.360895
0.403409
0.393897
0.38184
0.412662
0.359915
0.420494
0.424668
0.403511
0.384883
0.346431
0.418806
0.420279
0.405351
0.401493
0.408794
0.422733
0.450121
0.428613
0.426826
0.384318
0.432106
0.450946
0.457727
0.440184
0.411643
0.436681
0.391641
0.435159
0.429276
0.380352
0.533224
0.436452
0.479768
0.425811
0.526324
0.435368
0.467457
0.429113
0.520469
0.493011
0.469806
0.519865
0.441297
0.449845
0.441133
0.429641
0.40691
0.495766
0.507673
0.420254
0.437401
0.584631
0.498617
0.512208
0.499046
0.481522
0.470004
0.535588
0.50696
0.536701
0.543442
0.542712
0.521396
0.584318
0.635364
0.637743
0.606276
0.534777
0.630983
0.591647
0.64513
0.556049
0.523874
0.707642
0.559067
0.564507
0.639808
0.556582
0.659341
0.780924
0.728979
0.707008
0.605453
0.667699
0.751173
0.816318
0.707021
0.868753
0.687151
0.660335
0.660619
0.829962
0.83975
0.744309
0.722071
0.817383
0.756245
0.72253
0.760097
0.871534
0.718245
0.871551
0.87476
0.794737
0.869498
0.776154
0.849538
0.817283
0.878659
0.891214
0.873927
0.923386
0.836
0.791825
0.741591
0.632084
0.613176
0.815224
0.790641
0.786736
0.809202
0.831544
0.60093
0.812694
0.711785
0.753366
0.737427
0.751662
0.740682
0.538533
0.731975
0.710622
0.743531
0.729482
0.752056
0.692681
0.732278
0.838856
0.745376
0.787528
0.697816
0.670559
0.827424
0.634947
0.670385
0.649226
0.609903
0.724235
0.825112
0.73137
0.809955
0.782831
0.77244
0.912045
0.922106
0.851158
0.915083
0.861725
0.714535
0.78252
0.703954
0.878088
0.775757
0.918507
0.738412
0.847084
0.622982
0.650915
0.793231
0.764309
0.712481
0.867235
0.784432
0.564839
0.589703
0.672237
0.846311
0.926017
0.592184
0.752037
0.799359
0.773938
0.815997
0.810576
0.651724
0.785993
0.816048
0.693926
0.930896
0.890461
0.866633
0.790685
0.802453
0.616978
0.535219
0.722149
0.888452
0.77622
0.630077
0.743857
0.793336
0.65673
0.680293
0.682793
0.709216
0.463722
0.791762
0.78039
0.921337
0.480912
0.915893
0.472725
0.874297
0.7659
0.819419
0.698309
0.850779
0.538601
0.692813
0.484216
0.734736
0.805841
0.891724
0.82945
0.507367
0.344348
0.813296
0.717771
0.77313
0.86199
0.630577
0.772757
0.687146
0.805164
0.898785
0.606019
0.62048
0.763684
0.578058
0.8023
0.668372
0.777227
0.651359
0.518583
0.852195
0.668448
0.709725
0.665972
0.636901
0.671075
0.518085
0.866291
0.703865
0.523593
0.85143
0.611936
0.794817
0.886416
0.634236
0.633391
0.92046
0.800244
0.862239
0.766055
0.679147
0.624271
0.637344
0.675339
0.635612
0.413624
0.695749
0.871593
0.466345
0.691613
0.72991
0.734926
0.798657
0.509829
0.584599
