0.743906
0.738529
0.86952
0.74593
0.849657
0.778442
0.871308
0.789241
0.879189
0.864832
0.825122
0.864741
0.800786
0.849538
0.84509
0.799921
0.820084
0.832866
0.836236
0.709835
0.908781
0.907358
0.881676
0.925271
0.837646
0.809035
0.910152
0.748734
0.906267
0.599789
0.807734
0.668971
0.731774
0.758604
0.780324
0.732738
0.53849
0.747354
0.741293
0.745951
0.721492
0.753004
0.707256
0.718689
0.840722
0.755839
0.781904
0.695166
0.573527
0.830398
0.598304
0.650103
0.709053
0.846096
0.781593
0.802912
0.824287
0.739526
0.761815
0.782635
0.782522
0.770891
0.721861
0.864939
0.71479
0.78298
0.818454
0.722905
0.84075
0.868225
0.739458
0.84532
0.645811
0.645653
0.793408
0.847577
0.788216
0.87104
0.713288
0.910261
0.392348
0.54261
0.632324
0.918091
0.930153
0.809537
0.62044
0.782668
0.828772
0.740446
0.751008
0.705557
0.629302
0.802166
0.912622
0.538816
0.58844
0.716228
0.897482
0.777761
0.631839
0.738047
0.900732
0.749874
0.681428
0.752669
0.764992
0.909459
0.642762
0.538096
0.567505
0.728454
0.826517
0.891052
0.872668
0.46633
0.912395
0.569018
0.8607
0.734404
0.463117
0.91763
0.873068
0.643848
0.822061
0.752741
0.554065
0.838574
0.823159
0.595683
0.752931
0.81972
0.819542
0.845343
0.510493
0.767866
0.758474
0.676241
0.668394
0.718209
0.853832
0.680451
0.755055
0.493833
0.783714
0.806714
0.706232
0.808983
0.807119
0.560286
0.777977
0.579481
0.775676
0.715279
0.677813
0.521765
0.436693
0.480402
0.823924
0.712296
0.631126
0.587247
0.539336
0.775144
0.820648
0.796935
0.863073
0.907147
0.742752
0.764466
0.841948
0.633785
0.60347
0.493474
0.803678
0.861126
0.64943
0.693648
0.8222
0.862001
0.544997
0.60723
0.920689
0.852504
0.473591
0.597213
0.680255
0.651019
