0.900924
0.840359
0.460184
0.768045
0.924043
0.611071
0.741423
0.876933
0.747557
0.77413
0.68325
0.586398
0.759721
0.810923
0.897267
0.607719
0.905214
0.835541
0.929381
0.583325
0.6018
0.846056
0.923117
0.815182
0.634512
0.726975
0.817265
0.671444
0.775765
0.846602
0.658001
0.569336
0.886979
0.64182
0.853368
0.655418
0.658756
0.796641
0.794867
0.900974
0.587184
0.626508
0.712609
0.705796
0.886082
0.750792
0.485597
0.58619
0.469063
0.875944
0.888113
0.638269
0.792962
0.703692
0.851621
0.761051
0.842776
0.6179
0.515303
0.88474
0.883063
0.746556
0.618825
0.569257
0.682463
0.492937
0.637344
0.513697
0.730015
0.449108
0.712486
0.859761
0.392449
0.644703
0.641811
0.873318
0.865652
0.588808
0.564379
0.674655
0.662994
