0.913566
0.913865
0.817545
0.614398
0.645465
0.78824
0.905491
0.782663
0.791379
0.77734
0.885439
0.65199
0.652032
0.848753
0.702627
0.747528
0.822689
0.82987
0.875666
0.774302
0.859561
0.633969
0.763502
0.745042
0.882269
0.930382
0.798567
0.621381
0.908198
0.565086
0.753432
0.73644
0.860876
0.714407
0.852147
0.720738
0.740646
0.676157
0.663135
0.642321
0.669572
0.714317
0.80535
0.887644
0.571075
0.718836
0.750997
0.480714
0.864573
0.641547
0.918459
0.918807
0.713943
0.848298
0.631787
0.590494
0.817569
0.928225
0.597132
0.715294
0.620716
0.703161
0.928078
0.716478
0.617376
0.817037
0.741064
0.860239
0.680333
0.727899
0.571923
0.865249
0.602602
0.844853
0.756112
0.533343
0.887946
0.622082
0.885542
0.697321
0.848832
0.797088
0.541138
0.803187
0.550036
0.598581
0.754211
0.475543
0.680872
0.793461
0.566085
0.615287
0.85832
0.85878
0.760948
0.890696
0.698657
0.624476
0.919438
0.736665
0.764468
0.613043
0.521597
0.675445
0.818207
0.647955
0.600772
0.74254
0.43115
0.687171
0.69537
0.547107
0.569125
0.550347
0.793342
0.713763
0.653535
0.493151
