0.923574
0.623083
0.608838
0.808268
0.888956
0.828208
0.657796
0.753948
0.776552
0.668226
0.660122
0.570597
0.672761
0.796563
0.799115
0.720873
0.527865
0.924278
0.629185
0.88082
0.53949
0.814529
0.786431
0.538168
0.844691
0.532049
0.681309
0.84845
0.716048
0.565915
0.670208
0.456183
0.867358
0.896943
0.541633
0.881644
0.546423
0.859418
0.761355
0.829849
0.822173
0.498329
0.773317
0.833968
0.728476
0.732051
0.91846
0.7962
0.692993
0.601411
0.806816
0.416457
0.68582
0.712974
0.86295
0.566216
0.613282
0.82713
0.859402
0.553324
0.757761
0.647241
