0.87606
0.692732
0.526446
0.826191
0.621709
0.649959
0.641014
0.492517
0.678664
0.870967
0.757947
0.82068
0.810431
0.764104
0.916312
0.786104
0.799222
0.722448
0.868251
0.702113
0.779846
0.926372
0.699182
0.888997
0.732919
0.929172
0.56435
0.845873
0.625356
0.677986
0.786368
0.915143
0.782713
0.859817
0.758388
0.885728
0.797416
0.397393
0.624161
0.663088
0.91874
0.644585
0.731729
0.907765
0.768387
0.808573
0.746381
0.917168
0.738162
0.711644
0.746362
0.845148
0.852823
0.87222
0.528501
0.787248
0.5626
0.651725
0.547022
0.728483
0.902372
0.743865
0.708207
0.662967
0.712491
0.653314
0.846965
0.648932
0.67657
0.713526
0.795166
0.650119
0.781885
0.875852
0.466704
0.654108
0.48078
0.872954
0.469828
0.751767
0.918249
0.753285
0.775194
0.920337
0.683152
0.585765
0.776158
0.819991
0.891057
0.681544
0.917237
0.913607
0.754934
0.811654
0.793734
0.504572
0.806836
0.787018
0.702256
0.823207
0.544616
0.494773
0.838691
0.796971
0.694149
0.550183
0.547184
0.766305
0.860688
0.810356
0.720848
0.790928
0.756329
0.685634
0.73246
0.65848
0.671372
0.90173
0.552664
0.618496
0.563949
0.567729
0.721452
0.529432
0.776237
0.594022
0.736041
0.828448
0.89143
0.691012
0.888289
0.835969
0.746488
0.815027
0.542351
0.591456
0.662409
0.621118
0.646175
0.392021
0.70253
0.748152
0.455529
0.701529
0.693498
0.803854
0.856451
0.473886
0.633081
0.624315
