0.832918
0.743373
0.728053
0.631776
0.73691
0.741582
0.718123
0.784195
0.805503
0.80652
0.593673
0.814191
0.710497
0.734237
0.71943
0.752076
0.739288
0.549168
0.734731
0.702762
0.74569
0.725486
0.821375
0.914722
0.721888
0.707261
0.835348
0.741627
0.786116
0.692732
0.62481
0.79874
0.632529
0.67117
0.701495
0.664867
0.710043
0.848599
0.757211
0.838072
0.788755
0.77244
0.923865
0.794426
0.822601
0.683972
0.864939
0.713746
0.782932
0.702812
0.82753
0.775873
0.92067
0.916977
0.800991
0.700243
0.648903
0.795744
0.925954
0.782512
0.791661
0.775323
0.75226
0.383008
0.597571
0.628798
0.909591
0.72786
0.921119
0.865928
0.815049
0.865514
0.865463
0.842152
0.660786
0.802481
0.821292
0.69601
0.930536
0.814927
0.604479
0.66924
0.735801
0.886825
0.605968
0.55591
0.711003
0.899382
0.739192
0.667686
0.755741
0.867947
0.914128
0.693009
0.715016
0.703876
0.635324
0.82411
0.803309
0.707634
0.781052
0.467531
0.767176
0.916178
0.819769
0.866822
0.41993
0.60137
0.873408
0.673832
0.852147
0.653699
0.583608
0.767302
0.815989
0.843162
0.762271
0.814099
0.895204
0.835245
0.506633
0.85188
0.77349
0.729987
0.60561
0.735019
0.814681
0.680419
0.699885
0.82461
0.71313
0.605866
0.88829
0.741391
0.840554
0.768034
0.78191
0.781858
0.893154
0.602468
0.789592
0.511052
0.7336
0.744626
0.662969
0.586135
0.646561
0.728801
0.865379
0.762756
0.576399
0.552772
0.899843
0.763491
0.864706
0.835649
0.626455
0.909424
0.642802
0.871418
0.920575
0.730129
0.757503
0.915179
0.659099
0.616197
0.501911
0.814253
0.84424
0.395555
0.686429
0.78956
0.392647
0.509005
0.54652
0.908903
0.848107
0.883036
0.584977
0.613821
0.680221
