0.74844
0.880493
0.882716
0.680953
0.708842
0.922134
0.544391
0.837902
0.927219
0.655762
0.804922
0.917306
0.769329
0.877855
0.887748
0.421725
0.913642
0.890552
0.782356
0.729698
0.587905
0.84762
0.676043
0.790285
0.837765
0.791797
0.704856
0.644887
0.887579
0.638824
0.891366
0.804392
0.795709
0.864378
0.791305
0.586558
0.532805
0.68502
0.795289
0.72141
0.444329
0.452522
0.718689
0.832094
0.529879
0.851202
0.845374
0.85878
0.75577
0.834606
0.886117
0.498625
0.778882
0.888229
0.701809
0.749764
0.613647
0.576712
0.842648
0.517738
0.605035
0.617323
0.899541
0.699872
0.575797
0.690556
0.722469
0.716656
0.591836
