0.587711
0.694504
0.729564
0.745555
0.724215
0.749821
0.653337
0.716615
0.829356
0.700034
0.852265
0.692715
0.533666
0.824044
0.538809
0.672046
0.641345
0.829654
0.789996
0.792887
0.822076
0.740085
0.769687
0.799279
0.79125
0.81377
0.67775
0.861671
0.715676
0.777838
0.8622
0.776797
0.83687
0.920447
0.881285
0.66107
0.697345
0.708558
0.770784
0.928723
0.872517
0.849391
0.789903
0.892353
0.781095
0.38304
0.520472
0.652559
0.912859
0.695349
0.733665
0.838641
0.771291
0.8122
0.737335
0.916587
0.78228
0.746607
0.850743
0.930866
0.811496
0.440743
0.667588
0.614221
0.429924
0.816901
0.902063
0.727599
0.851602
0.840371
0.809298
0.648957
0.830252
0.806795
0.907669
0.908691
0.881362
0.750189
0.712575
0.58604
0.89761
0.539037
0.779263
0.928107
0.86378
0.728826
0.654146
0.677249
0.427384
0.750218
0.874956
0.752881
0.7796
0.912599
0.592338
0.824104
0.687987
0.856206
0.912501
0.900579
0.89045
0.835578
0.505586
0.796381
0.800803
0.795979
0.746454
0.681437
0.86199
0.678769
0.727299
0.648892
0.52893
0.885039
0.616603
0.55104
0.511095
0.597542
0.745713
0.623112
0.637041
0.737926
0.818621
0.728651
0.565467
0.599829
0.453654
0.843079
0.689908
0.465156
0.495287
0.629981
0.759428
0.823714
0.691056
0.647842
0.878871
0.794476
0.735167
0.820651
0.90385
0.618435
0.629097
0.872187
0.785413
0.676704
0.65514
0.73988
0.774538
0.399605
0.842668
0.841547
0.850905
0.63265
0.670983
0.607191
