0.89431
0.926391
0.69879
0.878192
0.763186
0.930859
0.734938
0.851738
0.615079
0.625044
0.78905
0.908129
0.781924
0.79239
0.781027
0.886944
0.599754
0.558533
0.723884
0.91772
0.593974
0.742192
0.805156
0.845693
0.869777
0.88659
0.861644
0.915613
0.788283
0.685194
0.673794
0.917743
0.926867
0.89106
0.567688
0.80477
0.559948
0.608885
0.509379
0.832136
0.821607
0.762462
0.669925
0.753182
0.853334
0.913435
0.686656
0.538003
0.86214
0.673567
0.843274
0.820971
0.613
0.780166
0.874507
0.448247
0.639302
0.774821
0.531017
0.873691
0.871087
0.402979
0.590385
0.917392
0.694693
0.862967
0.680282
0.804798
0.814508
0.631375
0.77905
0.92184
0.874437
0.759433
0.897301
0.504932
0.707943
0.894572
0.894994
0.741501
0.604539
0.721773
0.850706
0.68579
0.782325
0.843371
0.649975
0.535386
0.922624
0.638489
0.904841
0.805974
0.780765
0.812093
0.685311
0.626563
0.536325
0.60592
0.755671
0.523744
0.674545
0.696499
0.868927
0.729356
0.642675
0.878712
0.544456
0.856447
0.761558
0.729011
0.813834
0.659367
0.849629
0.839995
0.721248
0.742498
0.931326
0.507213
0.792278
0.587566
0.707521
0.808914
0.519035
0.669063
0.722211
0.524063
0.690493
0.80391
0.772911
0.871943
0.515092
0.746076
0.603605
