0.753359
0.757881
0.809457
0.790527
0.808442
0.67613
0.862208
0.729226
0.789664
0.733465
0.892712
0.719441
0.929172
0.881563
0.788804
0.613146
0.709476
0.786087
0.913607
0.777269
0.855769
0.790084
0.878536
0.490092
0.718972
0.83881
0.934697
0.685711
0.930276
0.823041
0.639671
0.790067
0.80859
0.759739
0.546862
0.767252
0.783529
0.870677
0.92111
0.805265
0.551047
0.72459
0.594543
0.902855
0.629047
0.757927
0.856172
0.707142
0.671461
0.743578
0.842888
0.914523
0.808883
0.92028
0.662156
0.709002
0.475923
0.84862
0.937339
0.901001
0.510269
0.898877
0.543154
0.818193
0.753787
0.880211
0.721094
0.822902
0.92013
0.593921
0.61035
0.923038
0.592756
0.705584
0.918695
0.815518
0.821066
0.493988
0.911277
0.921284
0.793289
0.701659
0.723623
0.853192
0.681306
0.898226
0.841283
0.806493
0.811727
0.579694
0.901039
0.621096
0.86871
0.801828
0.658331
0.804069
0.617739
0.84727
0.583122
0.866491
0.741881
0.709456
0.546991
0.548311
0.571573
0.712673
0.526171
0.759359
0.763017
0.843523
0.757026
0.852606
0.638047
0.67298
0.855367
0.736886
0.399799
0.705348
0.935585
0.609587
0.676794
0.848262
0.582765
0.615489
0.717002
0.912171
0.697318
0.604967
0.623282
0.680103
0.769205
0.902019
0.676629
0.672106
0.791815
