0.503211
0.645645
0.928019
0.739641
0.79461
0.752149
0.830873
0.79773
0.634074
0.824659
0.737772
0.845233
0.93114
0.835958
0.811496
0.793775
0.806715
0.897961
0.776281
0.550521
0.653085
0.842859
0.731017
0.85154
0.80734
0.765977
0.509382
0.686751
0.738429
0.56708
0.914113
0.571035
0.824031
0.653002
0.864338
0.455764
0.723383
0.917834
0.473021
0.829491
0.74545
0.453223
0.575716
0.864173
0.889013
0.749358
0.777805
0.903643
0.818519
0.624915
0.642324
0.924263
0.797746
0.786482
0.738078
0.712469
0.923161
0.564972
0.54853
0.756888
0.819893
0.578569
0.611642
0.773902
0.70133
0.920516
0.826483
0.672715
0.774422
0.746775
0.446473
0.821031
0.552848
0.809343
0.840801
0.588961
0.829415
0.557855
0.684274
0.683195
0.672645
0.465142
0.565963
0.598296
0.879037
0.725921
0.464745
0.860994
0.674543
0.910868
0.733509
0.743502
0.843965
0.870905
0.404275
0.759698
0.563982
0.643139
0.717427
0.855562
0.494544
0.627932
0.540331
0.708639
0.728536
0.82061
0.47329
0.558115
0.58397
0.91252
0.808123
0.513655
