0.351716
0.408113
0.340262
0.378654
0.422388
0.381482
0.423667
0.433506
0.373613
0.344766
0.405743
0.40931
0.37723
0.378932
0.429444
0.412467
0.370385
0.450283
0.425317
0.42321
0.401728
0.397248
0.398863
0.380702
0.393807
0.404191
0.406546
0.397641
0.396503
0.466397
0.416197
0.45047
0.43741
0.467184
0.442577
0.422292
0.485113
0.440102
0.486224
0.4178
0.458645
0.408871
0.454106
0.495688
0.396801
0.457314
0.461179
0.496509
0.508708
0.506558
0.4167
0.457821
0.607474
0.416057
0.526831
0.493168
0.527779
0.482784
0.486124
0.527439
0.533413
0.547006
0.458455
0.487093
0.524941
0.633068
0.471516
0.6333
0.544916
0.566651
0.611263
0.63329
0.563596
0.583962
0.624605
0.554439
0.587506
0.649272
0.709826
0.624819
0.668168
0.596964
0.497811
0.785653
0.693821
0.580741
0.670076
0.712512
0.701443
0.754173
0.699258
0.746534
0.641526
0.720519
0.779542
0.813288
0.807502
0.840224
0.812813
0.778834
0.837181
0.684984
0.798058
0.743816
0.832905
0.856418
0.84068
0.810927
0.866665
0.750281
0.85944
0.874737
0.863717
0.815357
0.875085
0.914273
0.830607
0.752895
0.726671
0.653655
0.583901
0.78719
0.790526
0.741134
0.804495
0.831351
0.611252
0.815896
0.708972
0.735451
0.729419
0.784935
0.625568
0.538965
0.733457
0.713404
0.716699
0.74219
0.747583
0.698243
0.725123
0.829165
0.7599
0.787351
0.692968
0.536821
0.814606
0.634883
0.661433
0.719115
0.505263
0.773446
0.869284
0.76022
0.797509
0.809857
0.777639
0.924053
0.797302
0.770146
0.721029
0.864966
0.714703
0.786745
0.559618
0.82109
0.8482
0.900835
0.790682
0.613716
0.709789
0.796163
0.864608
0.71648
0.873951
0.8126
0.906639
0.712037
0.936797
0.916307
0.648446
0.736496
0.815044
0.751005
0.820632
0.764893
0.706255
0.84195
0.803966
0.910256
0.810427
0.889618
0.590384
0.787983
0.69531
0.65323
0.546063
0.77893
0.856159
0.760968
0.851937
0.701205
0.90643
0.656093
0.835302
0.569237
0.88815
0.565587
0.798785
0.814005
0.860238
0.48103
0.825196
0.88507
0.583
0.818036
0.473699
0.740528
0.690581
0.695589
0.783155
0.912454
0.608187
0.631367
0.820313
0.919929
0.603234
0.820998
0.876918
0.640852
0.841191
0.856709
0.504299
0.895045
0.923829
0.846656
0.69535
0.77122
0.786253
0.742003
0.728964
0.782647
0.816859
0.638477
0.772852
0.815716
0.840695
0.527494
0.641419
0.725058
0.651035
0.793027
0.643746
0.43433
0.460434
0.886115
0.492048
0.640661
0.482984
0.599248
0.719441
0.853837
0.684243
0.848721
0.921896
0.480248
0.610204
0.653015
0.600363
0.609683
0.874867
0.85383
0.867054
0.775841
0.542243
0.555102
0.692407
0.781416
0.813048
0.804329
0.769783
0.680416
