0.360877
0.336832
0.345277
0.363431
0.323312
0.378577
0.320594
0.308994
0.371866
0.371399
0.377632
0.385549
0.319305
0.338291
0.387602
0.34077
0.398934
0.400829
0.371727
0.400296
0.391799
0.333507
0.356966
0.363383
0.403745
0.390076
0.395767
0.405131
0.414578
0.399536
0.406805
0.421403
0.391344
0.415608
0.410058
0.374131
0.454669
0.407183
0.404781
0.398642
0.364714
0.416655
0.424013
0.386249
0.418923
0.391534
0.404952
0.436888
0.42522
0.39568
0.361733
0.445216
0.367668
0.450536
0.402366
0.419443
0.3928
0.461492
0.422347
0.463969
0.43931
0.516365
0.493389
0.52207
0.41826
0.486518
0.485699
0.430147
0.46926
0.499693
0.488736
0.505945
0.427894
0.577367
0.477239
0.492857
0.53024
0.508303
0.523852
0.468708
0.525919
0.491175
0.52477
0.579783
0.55207
0.474526
0.51358
0.595774
0.537248
0.637262
0.558244
0.568617
0.558217
0.598233
0.61074
0.619533
0.584105
0.591774
0.604348
0.763944
0.661005
0.66031
0.597621
0.729838
0.687538
0.667819
0.760153
0.687735
0.669968
0.642365
0.795877
0.731576
0.719289
0.730386
0.732866
0.756838
0.784545
0.84375
0.799496
0.713457
0.817408
0.807223
0.844575
0.683702
0.802303
0.880867
0.769422
0.778482
0.879377
0.824674
0.852151
0.813166
0.849538
0.810428
0.844081
0.796068
0.878224
0.918678
0.836736
0.765076
0.716213
0.68973
0.710061
0.737489
0.716329
0.740749
0.804882
0.846398
0.604585
0.803157
0.712895
0.70076
0.764593
0.788436
0.690104
0.587511
0.74102
0.692907
0.690839
0.734334
0.749321
0.653193
0.702847
0.835303
0.746075
0.786329
0.69507
0.671609
0.818946
0.624736
0.671657
0.670483
0.664349
0.772437
0.870411
0.729167
0.775428
0.802681
0.733353
0.916514
0.791082
0.815821
0.722419
0.864748
0.715742
0.772875
0.699373
0.876613
0.765499
0.903539
0.917764
0.821801
0.62608
0.692681
0.790809
0.826315
0.778053
0.855441
0.820817
0.889477
0.655907
0.844137
0.772976
0.556009
0.748216
0.799601
0.749558
0.813892
0.738069
0.912943
0.786635
0.847314
0.805791
0.543724
0.854369
0.87831
0.660693
0.618654
0.414914
0.740239
0.902385
0.71108
0.848395
0.773227
0.896446
0.539793
0.84631
0.682227
0.723506
0.773512
0.815531
0.781068
0.874752
0.477544
0.650245
0.697418
0.614365
0.478455
0.733973
0.881436
0.716054
0.817806
0.680079
0.590585
0.758139
0.920663
0.637478
0.81838
0.860421
0.907362
0.822854
0.931302
0.577428
0.575383
0.755167
0.842877
0.726738
0.612921
0.658845
0.853246
0.674483
0.830851
0.787022
0.680419
0.563787
0.882225
0.638767
0.896325
0.805555
0.740587
0.894689
0.791023
0.592927
0.535971
0.867474
0.675902
0.674724
0.614153
0.491174
0.479443
0.817976
0.729707
0.709641
0.582893
0.650759
0.851911
0.760174
0.824034
0.826693
0.728265
0.70536
0.827498
0.410204
0.872167
0.770402
0.743577
0.606939
0.685305
0.854769
0.84772
0.816935
0.453421
0.5789
0.833673
0.791883
0.862513
0.381022
0.682224
0.600812
