0.720091
0.894733
0.719448
0.552046
0.722082
0.870771
0.646257
0.708981
0.851542
0.758152
0.809651
0.527698
0.847172
0.696349
0.657542
0.914696
0.495385
0.837804
0.708594
0.875451
0.446746
0.649082
0.637451
0.697455
0.884832
0.880744
0.438212
0.410915
0.871724
0.693061
0.860433
0.70106
0.761341
0.900462
0.725801
0.649508
0.90338
0.922977
0.581527
0.67275
0.749401
0.666108
0.803635
0.524314
0.923011
0.761569
0.725009
0.766032
0.671321
0.86662
0.64335
0.756907
0.701362
0.523531
0.548561
0.819576
0.837683
0.731031
0.81521
0.918221
0.882728
0.616344
0.851891
0.857348
0.521946
0.690834
0.529972
0.745828
0.457884
0.798431
0.825074
0.789999
0.674706
0.634385
0.846337
0.900106
0.746445
0.374441
0.777059
0.836641
0.73747
0.468787
0.595341
0.519436
0.566203
0.692733
0.785061
0.427858
0.661003
0.631043
0.43672
0.584174
0.443989
0.771517
0.765513
0.58851
0.603246
0.662559
0.768735
