0.281739
0.291953
0.306793
0.308252
0.300651
0.278143
0.289699
0.269615
0.271776
0.298214
0.297179
0.315969
0.29782
0.310711
0.302617
0.302705
0.296445
0.301126
0.283705
0.278049
0.320112
0.295783
0.291245
0.318663
0.275785
0.277767
0.302784
0.317306
0.320148
0.320061
0.331682
0.318638
0.320807
0.290941
0.273589
0.317381
0.328479
0.339357
0.340849
0.339745
0.332339
0.333292
0.322605
0.327632
0.338314
0.349028
0.337694
0.35061
0.339043
0.30528
0.331175
0.33931
0.333624
0.332341
0.349588
0.358205
0.349473
0.349989
0.328222
0.317798
0.340482
0.312382
0.329529
0.374903
0.326943
0.347948
0.362928
0.351176
0.35171
0.362301
0.345209
0.363391
0.350156
0.353938
0.304795
0.355285
0.345896
0.364668
0.380017
0.389599
0.360054
0.344167
0.388017
0.34527
0.373549
0.390806
0.378417
0.343477
0.358622
0.367167
0.363445
0.372347
0.375946
0.390934
0.392946
0.324976
0.386506
0.427382
0.388917
0.386213
0.41706
0.344833
0.418769
0.415512
0.41996
0.414107
0.411746
0.403827
0.376281
0.392662
0.407506
0.442392
0.400709
0.432941
0.426996
0.424588
0.445721
0.392097
0.451064
0.457751
0.391156
0.457517
0.45664
0.530238
0.436048
0.461234
0.436904
0.453702
0.446928
0.44071
0.429177
0.477728
0.454944
0.455412
0.453861
0.43306
0.470445
0.488735
0.435279
0.449142
0.443874
0.410066
0.499416
0.498025
0.498957
0.457342
0.450454
0.526498
0.475088
0.516334
0.528475
0.563558
0.519316
0.529626
0.592592
0.499491
0.498061
0.513647
0.505452
0.563966
0.508195
0.532967
0.557759
0.536031
0.62029
0.564054
0.61945
0.61357
0.579318
0.54102
0.676348
0.667311
0.785194
0.656671
0.633455
0.638541
0.716544
0.781814
0.694011
0.689308
0.732975
0.776086
0.70996
0.717241
0.700133
0.770791
0.748442
0.599906
0.831329
0.802246
0.839398
0.817686
0.805265
0.720868
0.778051
0.888888
0.706555
0.853116
0.843845
0.822873
0.875842
0.804688
0.849538
0.803552
0.843011
0.796674
0.867419
0.9304
0.836115
0.713594
0.729217
0.630938
0.640124
0.770538
0.766153
0.78777
0.824977
0.771762
0.663635
0.809872
0.717783
0.695846
0.765679
0.783893
0.62516
0.587773
0.740766
0.681648
0.743531
0.72948
0.751923
0.66967
0.709079
0.830557
0.754724
0.789398
0.695198
0.612129
0.829341
0.628711
0.670415
0.649665
0.69526
0.775953
0.786975
0.812777
0.704042
0.767936
0.77716
0.78716
0.802376
0.722494
0.864939
0.71495
0.789989
0.732475
0.877771
0.666694
0.929172
0.832534
0.811589
0.701625
0.651397
0.787544
0.926159
0.8955
0.859702
0.820202
0.876105
0.516349
0.698878
0.910033
0.673289
0.857796
0.910215
0.758056
0.852736
0.867701
0.863891
0.928568
0.805158
0.858778
0.652912
0.850842
0.816297
0.588449
0.804508
0.887883
0.629248
0.755525
0.848711
0.683774
0.727573
0.79427
0.771023
0.527581
0.54092
0.877587
0.591216
0.907361
0.533271
0.855949
0.656375
0.650421
0.707596
0.916955
0.58018
0.828684
0.749931
0.915438
0.873964
0.621722
0.824469
0.9203
0.679109
0.547974
0.926757
0.867934
0.618771
0.917279
0.75335
0.697603
0.522005
0.850316
0.879083
0.79222
0.75856
0.655994
0.857708
0.675012
0.843144
0.886976
0.640461
0.717805
0.884939
0.482784
0.814061
0.801787
0.696482
0.608019
0.733906
0.831388
0.904276
0.738772
0.525571
0.690164
0.537165
0.845311
0.802254
0.494853
0.638277
0.708537
0.90047
0.850253
0.901135
0.691019
0.753569
0.868186
0.721805
0.618358
0.575315
0.623042
0.590736
0.600852
0.506391
0.81217
0.868196
0.619369
0.568432
0.883485
0.519308
0.644693
