0.913435
0.671063
0.601812
0.817896
0.536083
0.820757
0.700428
0.629412
0.711865
0.78014
0.92385
0.872605
0.490582
0.917064
0.583723
0.864866
0.759947
0.694349
0.764561
0.783293
0.910908
0.713335
0.8481
0.900019
0.927932
0.923029
0.602136
0.777342
0.722722
0.868089
0.654393
0.924947
0.822518
0.77555
0.773845
0.735021
0.730525
0.863592
0.676582
0.772391
0.70157
0.54829
0.832995
0.624564
0.889821
0.839213
0.644083
0.649021
0.893736
0.615643
0.779486
0.495192
0.543015
0.669739
0.847158
0.715256
0.590328
0.566185
0.535994
0.866916
0.69541
0.792555
0.587587
0.592354
0.822143
0.813656
0.530391
0.901408
0.626532
0.92046
0.706691
0.486471
0.935585
0.539973
0.604834
0.865182
0.648956
0.583894
0.797308
0.420084
0.695804
0.725019
0.474589
0.479319
0.722769
0.605365
0.609079
0.860819
0.656744
0.586175
