0.860944
0.821055
0.869684
0.778096
0.418403
0.589321
0.625045
0.922642
0.685177
0.631365
0.79461
0.75838
0.836702
0.741043
0.696565
0.847676
0.802357
0.52065
0.803401
0.47415
0.705318
0.90772
0.802816
0.674459
0.543568
0.739071
0.921782
0.738527
0.659309
0.837252
0.835533
0.793428
0.846553
0.718415
0.606945
0.712706
0.77174
0.885711
0.921462
0.906976
0.693301
0.917834
0.568088
0.824458
0.696935
0.487601
0.457546
0.727273
0.91885
0.916761
0.496367
0.725262
0.920742
0.929094
0.632472
0.916867
0.917306
0.774047
0.859537
0.69377
0.883652
0.720564
0.897543
0.813198
0.624156
0.610446
0.843423
0.597162
0.921537
0.89764
0.537566
0.907046
0.421292
0.79882
0.661308
0.762472
0.69166
0.72727
0.717704
0.845167
0.698643
0.587512
0.683059
0.662502
0.759069
0.465283
0.819058
0.54023
0.494884
0.47612
0.843639
0.831202
0.580054
0.533832
0.887194
0.849744
0.736603
0.729765
0.621204
0.698166
0.802395
0.496671
0.701003
0.749227
0.436515
0.656466
0.750298
0.903789
0.395175
0.683823
0.840958
0.830636
0.861282
0.50966
