0.505739
0.546722
0.476661
0.494272
0.52679
0.476634
0.496978
0.479333
0.51273
0.587328
0.454519
0.543748
0.566409
0.511178
0.434306
0.49579
0.546983
0.641927
0.566483
0.580983
0.635777
0.58364
0.580002
0.60412
0.630328
0.655603
0.593003
0.712059
0.717873
0.658903
0.643851
0.785744
0.717321
0.576784
0.687392
0.772301
0.741413
0.782535
0.865086
0.649514
0.773593
0.691239
0.778395
0.785926
0.723636
0.826599
0.730838
0.83326
0.674305
0.802695
0.814584
0.852983
0.87573
0.77284
0.829107
0.807785
0.845007
0.822526
0.796155
0.8255
0.878192
0.923389
0.833115
0.784438
0.730508
0.647715
0.576336
0.795454
0.745046
0.776534
0.805056
0.762775
0.634132
0.812997
0.68775
0.752996
0.735877
0.718574
0.738206
0.680001
0.695639
0.715883
0.751106
0.725168
0.749696
0.710844
0.732096
0.643938
0.722049
0.801854
0.692732
0.673314
0.815995
0.602286
0.675403
0.638282
0.733811
0.763418
0.810994
0.735773
0.734805
0.755409
0.788846
0.789265
0.80238
0.710369
0.873587
0.714921
0.747666
0.532804
0.72628
0.861222
0.864074
0.760627
0.845968
0.625614
0.645938
0.793732
0.912543
0.771007
0.856596
0.77162
0.808333
0.624792
0.719868
0.919909
0.701319
0.74791
0.799875
0.764211
0.816032
0.814545
0.916394
0.831494
0.640533
0.803754
0.93075
0.798177
0.5411
0.750305
0.658654
0.687571
0.539148
0.903138
0.711605
0.648806
0.72928
0.785978
0.807852
0.528694
0.639135
0.518343
0.647642
0.670835
0.713037
0.809427
0.707906
0.86358
0.462191
0.902306
0.559585
0.818049
0.443493
0.750799
0.875429
0.746907
0.780296
0.903029
0.852351
0.64954
0.92205
0.643639
0.867703
0.756885
0.831134
0.857206
0.562822
0.597
0.88254
0.758545
0.846958
0.680427
0.634076
0.552076
0.607715
0.879985
0.562732
0.891834
0.636087
0.902532
0.805631
0.835536
0.81493
0.519244
0.805254
0.600787
0.560563
0.806028
0.669191
0.501811
0.588165
0.454978
0.722262
0.685508
0.484294
0.783773
0.60523
0.896489
0.748934
0.821317
0.708221
0.68382
0.641526
0.743056
0.740862
0.601387
0.514087
0.604616
0.585982
0.597294
0.380924
0.917191
0.809491
0.885375
0.524103
0.479778
0.725559
0.756376
0.83286
0.624557
0.562767
