0.506952
0.421441
0.437882
0.431115
0.425799
0.437226
0.508345
0.475321
0.472254
0.513043
0.493213
0.4281
0.49323
0.534618
0.505993
0.513471
0.57826
0.534801
0.466109
0.589588
0.541369
0.508649
0.604105
0.474906
0.63654
0.634095
0.573715
0.607473
0.523753
0.596626
0.596302
0.560406
0.648276
0.565357
0.65644
0.638128
0.790621
0.644459
0.58629
0.500478
0.733725
0.693478
0.603509
0.66885
0.746256
0.69649
0.747145
0.744878
0.706964
0.758286
0.651604
0.697841
0.832939
0.782631
0.805585
0.809211
0.779098
0.84566
0.721102
0.811416
0.705161
0.84817
0.853717
0.87105
0.785514
0.876086
0.816424
0.848291
0.837558
0.81947
0.829509
0.840632
0.836897
0.746571
0.784092
0.726399
0.640636
0.709698
0.795743
0.793002
0.77869
0.810748
0.82704
0.605276
0.771618
0.71349
0.751479
0.736249
0.752684
0.744146
0.587264
0.714281
0.691609
0.715781
0.735413
0.749362
0.666811
0.693091
0.835922
0.664306
0.814371
0.693127
0.670325
0.812649
0.608166
0.660462
0.709597
0.82784
0.763203
0.805117
0.824709
0.739558
0.760352
0.789444
0.79137
0.772178
0.676164
0.877169
0.714862
0.782583
0.699329
0.876448
0.729486
0.912957
0.764128
0.84568
0.69078
0.635541
0.788304
0.900771
0.798268
0.898345
0.80787
0.397565
0.410796
0.727336
0.838367
0.930208
0.680725
0.747446
0.819577
0.751525
0.808986
0.809979
0.916821
0.787571
0.761375
0.870422
0.932597
0.899106
0.544547
0.848206
0.901008
0.650214
0.750726
0.906423
0.745184
0.667498
0.838408
0.707043
0.793687
0.497918
0.936554
0.7931
0.697651
0.796756
0.808877
0.829523
0.62119
0.739686
0.913465
0.875984
0.862987
0.40282
0.598629
0.743647
0.697166
0.707609
0.776204
0.922212
0.686864
0.560656
0.766937
0.794377
0.683889
0.789375
0.877136
0.741705
0.784077
0.907365
0.775503
0.622393
0.913096
0.752585
0.671057
0.577491
0.661601
0.849977
0.599217
0.917698
0.837784
0.848561
0.784876
0.550089
0.528542
0.819976
0.431137
0.653437
0.818007
0.725134
0.694767
0.884601
0.823387
0.705646
0.684333
0.588499
0.599587
0.453166
0.851361
0.78519
0.480273
0.820337
0.847845
0.675994
0.738526
0.67197
0.77905
0.871751
0.742168
0.719082
0.611713
0.562275
0.752468
0.749973
0.871996
0.78111
0.436813
0.667358
0.747148
0.586383
0.588683
0.728051
0.776297
0.586454
0.734664
