0.891575
0.877155
0.829578
0.293655
0.842391
0.783483
0.846315
0.828693
0.866079
0.789554
0.801353
0.843209
0.777148
0.803898
0.810354
0.748197
0.769294
0.790685
0.779248
0.741878
0.728923
0.870651
0.715742
0.788173
0.879867
0.829749
0.719624
0.841257
0.586945
0.858469
0.616747
0.690621
0.771716
0.907772
0.772936
0.855495
0.819128
0.868702
0.448413
0.731057
0.915186
0.675749
0.748044
0.807862
0.755175
0.811673
0.738275
0.651435
0.786455
0.663528
0.664391
0.930628
0.499225
0.614047
0.596932
0.707535
0.896048
0.753768
0.672228
0.811777
0.70441
0.665269
0.888207
0.766312
0.740589
0.754831
0.662925
0.689211
0.654652
0.710117
0.794312
0.670623
0.781098
0.904427
0.47268
0.721515
0.663799
0.474718
0.868167
0.511252
0.593007
0.876817
0.890759
0.671942
0.817668
0.551946
0.657039
0.923028
0.785342
0.711461
0.830626
0.857237
0.539227
0.804321
0.762813
0.813269
0.689553
0.680395
0.806148
0.617459
0.7926
0.798757
0.707465
0.612969
0.851402
0.577897
0.802031
0.431136
0.837285
0.704963
0.716159
0.843238
0.504876
0.676616
0.706026
0.800084
0.480737
0.597885
0.434872
0.868392
0.776475
0.536694
0.848552
0.679014
0.753954
0.760274
0.639562
0.664621
0.72718
0.710809
0.899251
0.76939
0.447559
0.749804
0.644935
0.676994
0.789079
0.468128
0.81781
0.879036
0.589942
0.627476
0.921893
0.670906
0.686781
0.685467
0.668294
