0.274609
0.282706
0.283528
0.257748
0.300374
0.279795
0.258982
0.286299
0.28451
0.283746
0.277274
0.29936
0.291226
0.307009
0.302822
0.282413
0.272961
0.282792
0.28721
0.310789
0.31868
0.298569
0.302262
0.286927
0.300713
0.29594
0.276407
0.300345
0.288205
0.31955
0.305026
0.319531
0.309743
0.307199
0.303986
0.319154
0.302607
0.328066
0.33335
0.331404
0.314813
0.299944
0.308473
0.326003
0.289033
0.331309
0.33494
0.330564
0.334245
0.313459
0.318555
0.29444
0.326275
0.340903
0.321761
0.351778
0.341029
0.335274
0.325021
0.349276
0.313388
0.350573
0.33581
0.348597
0.342608
0.349562
0.3282
0.352479
0.315151
0.352379
0.343267
0.352286
0.361332
0.334733
0.364635
0.324979
0.356635
0.300819
0.360596
0.324443
0.359454
0.35613
0.304033
0.361264
0.372982
0.378535
0.399972
0.3466
0.371647
0.377035
0.352487
0.396763
0.379622
0.377059
0.387863
0.317385
0.373641
0.368731
0.37164
0.389222
0.394762
0.377514
0.401599
0.403643
0.353211
0.416846
0.40018
0.422874
0.392728
0.364658
0.439203
0.394363
0.41314
0.392459
0.403897
0.450605
0.424544
0.44558
0.431559
0.446957
0.349191
0.440418
0.448649
0.351944
0.434053
0.457729
0.452454
0.420175
0.492534
0.419461
0.443733
0.435264
0.470378
0.411724
0.468769
0.479151
0.423071
0.445767
0.471861
0.48605
0.415931
0.472302
0.459655
0.476771
0.448522
0.478121
0.456165
0.467681
0.507634
0.453561
0.439623
0.489577
0.376986
0.513243
0.524068
0.430861
0.527362
0.560781
0.461773
0.520918
0.460034
0.50064
0.519885
0.561097
0.6076
0.487038
0.644184
0.582474
0.504241
0.617886
0.597187
0.494314
0.571959
0.585056
0.620298
0.519267
0.656948
0.711425
0.715173
0.680018
0.51867
0.617635
0.758262
0.707008
0.609663
0.670214
0.693031
0.698961
0.760769
0.728719
0.696179
0.770092
0.670058
0.658694
0.828128
0.807971
0.793476
0.80533
0.754106
0.74093
0.844216
0.776516
0.871489
0.815845
0.698611
0.88535
0.811018
0.826218
0.787563
0.845039
0.801562
0.791041
0.809426
0.826615
0.831958
0.785236
0.729214
0.667323
0.595246
0.795235
0.770431
0.741031
0.824621
0.822343
0.707652
0.81354
0.714903
0.750899
0.744088
0.715615
0.69434
0.628787
0.708888
0.69888
0.743144
0.715193
0.762315
0.916532
0.893178
0.876708
0.806866
0.732931
0.811524
0.695166
0.570188
0.806519
0.564247
0.676139
0.640228
0.903012
0.784248
0.787437
0.828453
0.729074
0.769932
0.783045
0.791146
0.813978
0.681479
0.862399
0.714778
0.78465
0.530951
0.804574
0.837164
0.921258
0.82189
0.614267
0.64595
0.792613
0.913404
0.775969
0.86096
0.813729
0.870179
0.48809
0.602123
0.716022
0.917531
0.675117
0.903248
0.799439
0.645722
0.867827
0.851315
0.675384
0.634275
0.65414
0.930584
0.494591
0.778053
0.805609
0.582754
0.543442
0.702496
0.921686
0.814509
0.715522
0.793034
0.810356
0.525399
0.502001
0.839862
0.668367
0.710062
0.815109
0.745301
0.782987
0.872611
0.514893
0.630762
0.596874
0.865865
0.455078
0.603419
0.914021
0.694352
0.899468
0.649545
0.833764
0.778055
0.581676
0.710148
0.834413
0.656757
0.916323
0.859177
0.755208
0.789574
0.836035
0.502812
0.904839
0.923085
0.671097
0.666639
0.669048
0.860134
0.555813
0.892372
0.878237
0.720648
0.85645
0.583088
0.74356
0.449355
0.696762
0.584225
0.722772
0.653893
0.633851
0.707588
0.743073
0.829415
0.930754
0.744497
0.6988
0.518451
0.573668
0.571924
0.848334
0.48059
0.822428
0.655243
0.897644
0.76102
0.821983
0.768348
0.647842
0.83003
0.742959
0.705025
0.817966
0.689814
0.60119
0.516231
0.528384
0.768077
0.448287
0.700908
0.776595
0.54673
0.669512
0.701894
0.880501
0.866586
0.58825
0.638306
0.681847
