0.763391
0.722731
0.693538
0.710178
0.719237
0.819073
0.840299
0.82603
0.72648
0.87185
0.777319
0.837961
0.683835
0.769754
0.876437
0.738566
0.852295
0.886831
0.818577
0.830817
0.788668
0.848423
0.807905
0.788914
0.83406
0.876802
0.921318
0.835205
0.795073
0.730445
0.632936
0.605795
0.78705
0.72569
0.776854
0.80307
0.821476
0.65514
0.756544
0.686533
0.721514
0.742274
0.766902
0.74194
0.593444
0.740845
0.69241
0.741874
0.715072
0.841889
0.915567
0.652865
0.694332
0.833359
0.760381
0.799927
0.695166
0.605645
0.499714
0.840995
0.847452
0.797187
0.721916
0.591199
0.682324
0.863853
0.728476
0.817246
0.803252
0.764104
0.884134
0.791217
0.828349
0.721883
0.869029
0.716203
0.789844
0.405874
0.821127
0.861189
0.915834
0.817902
0.661388
0.669336
0.792549
0.913334
0.782942
0.855524
0.781468
0.893082
0.776571
0.517838
0.601497
0.714418
0.83363
0.932236
0.73544
0.822514
0.842393
0.852887
0.793474
0.649392
0.769083
0.759307
0.804752
0.930646
0.888349
0.814306
0.81237
0.794605
0.594956
0.884096
0.540997
0.684193
0.902566
0.651286
0.751027
0.763584
0.781465
0.914156
0.783105
0.563427
0.715075
0.8027
0.780605
0.874789
0.456967
0.920156
0.532892
0.610942
0.424023
0.727811
0.889472
0.678317
0.830901
0.775948
0.520704
0.671676
0.794216
0.922988
0.615813
0.877467
0.914692
0.753707
0.693333
0.835542
0.502315
0.620608
0.806071
0.81128
0.724206
0.754129
0.803018
0.675297
0.786661
0.786464
0.713067
0.534947
0.901142
0.744374
0.518509
0.657567
0.677952
0.541849
0.849882
0.688184
0.65618
0.843457
0.715542
0.5281
0.730081
0.680781
0.86876
0.666996
0.551874
0.672305
0.724135
0.867253
0.833366
0.923274
0.682943
0.809179
0.403499
0.871583
0.933172
0.502067
0.607422
0.691753
0.598708
0.795505
0.430967
0.671819
0.756297
0.554633
0.618008
0.511034
0.909925
0.739406
0.798846
0.684502
0.51093
0.719799
