0.835036
0.812184
0.771717
0.850858
0.707481
0.846387
0.832032
0.768241
0.517042
0.63807
0.836859
0.914963
0.66303
0.908384
0.799295
0.554612
0.814097
0.792518
0.610287
0.846091
0.654187
0.925796
0.914148
0.89661
0.772106
0.845473
0.570009
0.783357
0.553565
0.690059
0.923179
0.707625
0.743943
0.923416
0.715731
0.849613
0.53168
0.705727
0.604953
0.76018
0.804578
0.899527
0.571786
0.445617
0.720638
0.548613
0.670288
0.541965
0.89164
0.878509
0.591496
0.605455
0.679125
0.560656
0.806331
0.918994
0.658431
0.795505
0.768563
0.84375
0.612292
0.895045
0.892235
0.797602
0.700459
0.911866
0.8633
0.878953
0.719397
0.895854
0.873533
0.627399
0.892693
0.495197
0.933648
0.837578
0.723798
0.792683
0.704454
0.778989
0.558107
0.674159
0.89386
0.770918
0.485645
0.671212
0.518632
0.61135
0.6326
0.852463
0.585145
0.877194
0.58926
0.80807
0.920946
0.726987
0.417938
0.781496
0.705586
0.617301
0.688854
0.59002
0.734698
0.405133
0.656547
0.686533
0.919716
0.467044
0.533598
0.55662
0.880443
0.791811
0.756975
0.618419
0.680609
0.575518
