0.286626
0.301967
0.315869
0.312492
0.297638
0.305141
0.288654
0.269104
0.298506
0.272683
0.313983
0.323082
0.312109
0.30979
0.316902
0.32083
0.309931
0.299619
0.309395
0.29149
0.324149
0.335146
0.300985
0.325303
0.321365
0.282996
0.29917
0.306633
0.265458
0.280115
0.343227
0.338353
0.327161
0.33426
0.332932
0.34331
0.320571
0.349481
0.298818
0.332998
0.339616
0.31854
0.321566
0.337675
0.344531
0.347995
0.344697
0.349345
0.324004
0.352299
0.31366
0.358257
0.353256
0.364386
0.361493
0.325562
0.359608
0.353827
0.3605
0.355733
0.332595
0.374546
0.314372
0.330599
0.372876
0.352741
0.310975
0.37575
0.381992
0.374364
0.38555
0.380517
0.369208
0.357409
0.367323
0.362027
0.35855
0.418264
0.353748
0.36756
0.358022
0.375164
0.372196
0.388359
0.403067
0.340779
0.41965
0.404037
0.38703
0.412487
0.433304
0.388856
0.361906
0.39494
0.41865
0.46087
0.410499
0.375484
0.409741
0.371837
0.410021
0.403165
0.423839
0.380072
0.391679
0.408835
0.438812
0.394324
0.451839
0.36071
0.436218
0.438193
0.46884
0.445441
0.470415
0.424262
0.371819
0.477988
0.410346
0.441918
0.437728
0.522221
0.431254
0.428426
0.430261
0.494489
0.409413
0.474797
0.49073
0.455224
0.497045
0.479941
0.5013
0.461682
0.503943
0.474955
0.510553
0.501656
0.514992
0.512682
0.511875
0.531226
0.463744
0.529274
0.526695
0.523657
0.568313
0.540858
0.500003
0.501474
0.63017
0.553195
0.463209
0.572408
0.596874
0.638765
0.581461
0.583274
0.641844
0.53468
0.540152
0.70599
0.637153
0.585259
0.654843
0.624646
0.591305
0.786841
0.711233
0.681171
0.66906
0.668916
0.713204
0.634321
0.728689
0.69953
0.70781
0.762955
0.680276
0.779392
0.837255
0.765163
0.73176
0.772481
0.872938
0.713629
0.827771
0.734551
0.763819
0.849943
0.819473
0.802541
0.856889
0.811054
0.86468
0.787805
0.849538
0.787776
0.806063
0.796219
0.831479
0.830887
0.79844
0.759276
0.64144
0.625927
0.813118
0.775714
0.763646
0.805068
0.845303
0.626789
0.815692
0.714632
0.751511
0.746728
0.749118
0.739015
0.587118
0.741154
0.720965
0.739216
0.724437
0.84643
0.901926
0.669898
0.702324
0.767221
0.643522
0.812524
0.692832
0.540563
0.828157
0.632501
0.674163
0.632592
0.679715
0.782115
0.804085
0.82951
0.73558
0.771154
0.775474
0.797611
0.818775
0.720964
0.871034
0.714945
0.738027
0.75057
0.875239
0.765988
0.820498
0.912267
0.701511
0.702913
0.65875
0.790281
0.6405
0.700859
0.882907
0.807854
0.719287
0.684652
0.919449
0.932206
0.730802
0.799327
0.872698
0.862709
0.706296
0.786471
0.676977
0.654226
0.689427
0.811747
0.549183
0.725541
0.886116
0.690138
0.547088
0.758015
0.921368
0.675085
0.749375
0.850104
0.908021
0.697479
0.721148
0.56804
0.84254
0.494502
0.744927
0.785027
0.922792
0.481974
0.649794
0.7099
0.696007
0.430966
0.430567
0.745955
0.727963
0.686438
0.817117
0.768531
0.607433
0.700845
0.657307
0.668805
0.743966
0.695532
0.856712
0.612093
0.57496
0.913515
0.752227
0.781133
0.707217
0.728905
0.854141
0.791843
0.800967
0.745125
0.61384
0.508183
0.761462
0.915954
0.795508
0.834706
0.529275
0.72978
0.558217
0.669096
0.722439
0.671768
0.535123
0.491606
0.569157
0.918905
0.666996
0.500663
0.907289
0.621028
0.707946
0.885327
0.689428
0.810798
0.903653
0.742865
0.463767
0.61508
0.693527
0.695403
0.516541
0.894838
0.864471
0.792906
0.459429
0.656129
0.755495
0.736904
0.479672
0.695702
0.818479
0.857891
0.860591
0.535234
0.721665
0.733372
