0.874919
0.864062
0.85871
0.782464
0.799484
0.566451
0.774563
0.543061
0.738834
0.870789
0.65679
0.7657
0.759835
0.867528
0.914523
0.66049
0.644414
0.671705
0.713678
0.821487
0.705228
0.921635
0.454753
0.916179
0.491508
0.872119
0.581454
0.778103
0.674491
0.577293
0.725934
0.546326
0.772642
0.922938
0.786849
0.860125
0.735613
0.8383
0.847127
0.802699
0.92035
0.756161
0.843381
0.64536
0.82537
0.661693
0.799054
0.743328
0.922452
0.523417
0.890395
0.730568
0.658755
0.794493
0.755989
0.610015
0.659898
0.707008
0.722983
0.722014
0.650559
0.763624
0.478429
0.708057
0.532288
0.818945
0.471771
0.854556
0.721183
0.698487
0.525759
0.864635
0.896204
0.794763
0.873076
0.787355
0.70576
0.617563
0.820151
0.477462
0.858576
0.8625
0.473401
0.659016
0.719565
0.880408
0.601358
0.44076
0.758679
0.765023
0.635402
0.646721
0.681918
