0.711532
0.712536
0.750606
0.667059
0.735483
0.83545
0.760639
0.852287
0.694594
0.640905
0.829893
0.632488
0.650757
0.707065
0.505486
0.684086
0.866474
0.728817
0.816528
0.805494
0.777365
0.916514
0.788827
0.769048
0.815862
0.824014
0.85661
0.912493
0.761745
0.791954
0.834255
0.920955
0.795985
0.621219
0.628036
0.788164
0.925813
0.782208
0.860992
0.820284
0.885898
0.66048
0.69581
0.821975
0.555245
0.722517
0.620837
0.750609
0.808055
0.730282
0.916743
0.796125
0.802383
0.871175
0.898396
0.853577
0.688762
0.585132
0.788349
0.549733
0.900562
0.552908
0.68552
0.885082
0.755194
0.727467
0.793938
0.817083
0.529079
0.544552
0.683428
0.728465
0.791336
0.936834
0.878144
0.4581
0.760965
0.703923
0.59387
0.452204
0.623425
0.813224
0.73028
0.924814
0.67974
0.831934
0.633078
0.532985
0.925177
0.861234
0.633459
0.777966
0.569125
0.666818
0.821966
0.506062
0.506835
0.92033
0.797516
0.664452
0.705871
0.851132
0.563794
0.92137
0.878331
0.784458
0.696489
0.564386
0.631744
0.777644
0.922875
0.672978
0.784267
0.805128
0.8322
0.549378
0.687215
0.686178
0.666296
0.681445
0.484847
0.473151
0.855794
0.678493
0.634389
0.881644
0.657468
0.932179
0.825447
0.806176
0.487251
0.835308
0.799711
0.816169
0.862297
0.787084
0.701748
0.881765
0.792312
0.856475
0.859958
0.411447
0.642874
0.751442
0.797347
0.460796
0.627636
0.72433
0.594749
0.458076
0.60746
