0.416408
0.413107
0.427383
0.394772
0.389447
0.41716
0.449043
0.359883
0.401447
0.466952
0.385981
0.520052
0.376019
0.440026
0.520158
0.431153
0.391909
0.460874
0.516781
0.493308
0.455066
0.437295
0.448341
0.463774
0.435404
0.488795
0.44955
0.49955
0.441427
0.446662
0.57736
0.519012
0.429954
0.459138
0.523834
0.549366
0.584599
0.475076
0.584787
0.534262
0.471536
0.520547
0.585979
0.440003
0.557018
0.537381
0.53741
0.558506
0.629266
0.572989
0.578547
0.577385
0.627181
0.629827
0.637509
0.791706
0.623346
0.667836
0.607262
0.529892
0.776659
0.583826
0.6442
0.652133
0.703457
0.783994
0.706991
0.82754
0.701606
0.75382
0.570818
0.607423
0.830784
0.797854
0.82119
0.726678
0.87185
0.719383
0.845303
0.696771
0.787701
0.704054
0.776761
0.780043
0.873424
0.754175
0.859258
0.807345
0.84818
0.812787
0.824806
0.824448
0.814692
0.831324
0.78267
0.731197
0.636765
0.596712
0.778198
0.753019
0.778757
0.802619
0.828467
0.600312
0.811777
0.717301
0.745038
0.742069
0.792357
0.739015
0.565252
0.726028
0.710349
0.680697
0.703848
0.74738
0.652829
0.734213
0.839076
0.723655
0.786715
0.692038
0.632945
0.799916
0.648095
0.676154
0.639722
0.753341
0.761995
0.792484
0.826308
0.720358
0.756118
0.808037
0.786886
0.818802
0.729825
0.860626
0.714822
0.684928
0.861184
0.872003
0.666615
0.886666
0.731903
0.851431
0.676914
0.629716
0.791029
0.864831
0.887033
0.855996
0.820826
0.8875
0.531699
0.624293
0.915858
0.683456
0.733664
0.889877
0.767805
0.813494
0.799553
0.940448
0.784593
0.797582
0.912163
0.856608
0.560785
0.86641
0.495335
0.817785
0.844831
0.747525
0.820469
0.888429
0.737012
0.648935
0.849799
0.764005
0.828689
0.590218
0.644392
0.676255
0.712923
0.542456
0.864489
0.653707
0.924032
0.73217
0.914228
0.561711
0.821981
0.560629
0.682223
0.877825
0.706264
0.810635
0.543592
0.680444
0.925817
0.656619
0.683261
0.86969
0.500975
0.829263
0.829823
0.498287
0.728304
0.912534
0.779419
0.76021
0.901959
0.780925
0.667834
0.790995
0.849266
0.610696
0.582409
0.893726
0.784133
0.842183
0.778802
0.819625
0.738421
0.790731
0.826261
0.529583
0.690834
0.826177
0.410836
0.685712
0.724027
0.573636
0.694087
0.528552
0.859391
0.85643
0.707274
0.54305
0.850829
0.851297
0.742375
0.416986
0.915179
0.848465
0.449292
0.751504
0.636584
0.695839
0.407229
0.656567
0.69251
0.896505
0.481951
0.725345
0.760146
0.877045
0.595342
0.668403
