0.8544
0.762341
0.851601
0.868295
0.905783
0.858673
0.854464
0.868161
0.813326
0.847812
0.78321
0.849224
0.907724
0.669763
0.713086
0.830037
0.771528
0.811524
0.692732
0.616926
0.824139
0.558325
0.671689
0.633526
0.882545
0.771357
0.803378
0.754873
0.70666
0.770742
0.786038
0.777991
0.751197
0.67139
0.858577
0.714667
0.771971
0.857681
0.7481
0.863975
0.920939
0.817386
0.6131
0.645565
0.793263
0.763045
0.857387
0.714544
0.894068
0.833468
0.612002
0.390697
0.601702
0.716037
0.520691
0.729055
0.930606
0.741985
0.79786
0.828124
0.904286
0.791695
0.718358
0.78835
0.835529
0.821916
0.882355
0.707039
0.879003
0.802019
0.579058
0.375868
0.831655
0.900928
0.646998
0.740255
0.73763
0.806082
0.52338
0.659929
0.660245
0.713236
0.784877
0.927952
0.875807
0.506542
0.900764
0.56451
0.821921
0.580899
0.699176
0.862585
0.704668
0.719617
0.917669
0.684251
0.582291
0.78265
0.918764
0.695099
0.677696
0.87236
0.865308
0.892659
0.931365
0.638258
0.617557
0.895028
0.895568
0.814922
0.715229
0.868443
0.692516
0.727936
0.712534
0.663897
0.918576
0.638271
0.895447
0.840696
0.92575
0.804459
0.921876
0.75824
0.722938
0.839663
0.616834
0.651222
0.765131
0.665302
0.653831
0.575066
0.478619
0.821264
0.746085
0.536631
0.586179
0.675099
0.853372
0.856945
0.60189
0.872302
0.624771
0.743879
0.736275
0.817913
0.388429
0.749268
0.583487
0.740621
0.405106
0.818308
0.515123
0.593783
0.512721
0.76862
0.877447
0.587885
0.531796
0.750872
