0.557016
0.504508
0.433008
0.56909
0.500193
0.628633
0.637774
0.637484
0.599369
0.519639
0.623032
0.598961
0.579888
0.597733
0.613435
0.549714
0.525424
0.518532
0.7154
0.643429
0.620078
0.661978
0.770975
0.754083
0.769472
0.669642
0.768663
0.650529
0.822814
0.718923
0.781569
0.688049
0.634358
0.830575
0.800024
0.820758
0.7125
0.878301
0.759861
0.841218
0.670313
0.811787
0.715936
0.85316
0.887274
0.657228
0.897012
0.856237
0.805934
0.874113
0.849652
0.844294
0.824793
0.871656
0.923781
0.830543
0.794003
0.731135
0.660936
0.579632
0.765234
0.837305
0.894776
0.741166
0.81794
0.792676
0.64684
0.765726
0.714198
0.681118
0.761906
0.778416
0.742602
0.587381
0.697464
0.729123
0.715359
0.739479
0.752322
0.69357
0.702882
0.837794
0.751821
0.811524
0.692732
0.626748
0.800611
0.627229
0.676177
0.674391
0.508026
0.679721
0.841934
0.76188
0.794575
0.793587
0.77786
0.878217
0.79455
0.817739
0.720879
0.861865
0.698551
0.788251
0.750816
0.875032
0.775803
0.929251
0.821308
0.819786
0.707712
0.623798
0.792998
0.870871
0.758482
0.878535
0.806741
0.597746
0.660353
0.766247
0.865595
0.730275
0.908104
0.771015
0.830762
0.752209
0.702938
0.83536
0.803733
0.513322
0.803863
0.515118
0.747382
0.553689
0.737292
0.543599
0.755587
0.890387
0.67332
0.737524
0.827468
0.804119
0.574311
0.813575
0.705669
0.699903
0.77512
0.7122
0.921572
0.459175
0.651414
0.686516
0.70119
0.451595
0.651426
0.744176
0.879791
0.651864
0.809247
0.695173
0.570527
0.798471
0.894318
0.594697
0.721256
0.839133
0.76405
0.828902
0.831225
0.908118
0.923125
0.624898
0.693493
0.69642
0.783599
0.817435
0.682209
0.762093
0.611118
0.8459
0.554111
0.763489
0.426872
0.932562
0.66665
0.605343
0.808718
0.914171
0.543967
0.909974
0.504555
0.661534
0.931862
0.709528
0.474248
0.679444
0.598332
0.642018
0.472746
0.82669
0.667444
0.870542
0.749021
0.732382
0.889163
0.768768
0.701461
0.823358
0.742901
0.723781
0.913018
0.771159
0.610625
0.632771
0.690183
0.472239
0.657103
0.745661
0.916084
0.476527
0.69451
0.638833
0.665891
0.801523
0.88698
0.536439
0.87053
0.564389
