0.831279
0.720691
0.800158
0.853327
0.723354
0.869195
0.873424
0.786818
0.829077
0.807681
0.847428
0.84036
0.787633
0.827417
0.836619
0.832195
0.785229
0.730283
0.633019
0.590416
0.804491
0.793976
0.760783
0.806887
0.831828
0.600582
0.813821
0.682267
0.764677
0.707096
0.743676
0.741786
0.54234
0.741247
0.720826
0.688995
0.741545
0.750785
0.626229
0.73071
0.835519
0.75109
0.812524
0.694007
0.569929
0.82692
0.61087
0.650193
0.637869
0.901781
0.774027
0.803921
0.828099
0.707265
0.755653
0.8049
0.7945
0.767255
0.725382
0.863954
0.714885
0.665325
0.705023
0.878711
0.733432
0.927132
0.585184
0.856467
0.70612
0.675903
0.787993
0.64072
0.716332
0.889797
0.670016
0.901546
0.711322
0.730064
0.91809
0.663822
0.751992
0.79521
0.770621
0.813604
0.789742
0.684837
0.874698
0.794951
0.930992
0.803924
0.465224
0.787443
0.887749
0.516464
0.745633
0.888986
0.772241
0.684053
0.723944
0.835323
0.740646
0.514259
0.852352
0.56984
0.912859
0.493237
0.790801
0.692448
0.921572
0.451133
0.714435
0.865021
0.613188
0.445653
0.41329
0.75519
0.886959
0.745424
0.708947
0.830388
0.614106
0.778176
0.829833
0.548882
0.874756
0.754661
0.788622
0.561726
0.894204
0.748753
0.798705
0.709422
0.720246
0.775389
0.664892
0.679341
0.672849
0.562474
0.760007
0.852742
0.794899
0.818764
0.701783
0.805852
0.838309
0.496466
0.649322
0.724738
0.673167
0.758933
0.455665
0.877309
0.728784
0.552034
0.656594
0.629893
0.932305
0.828469
0.498682
0.842413
0.750381
0.724078
0.620944
0.652248
0.545701
0.636418
0.695532
0.492825
0.659018
0.914922
0.576088
0.690589
0.727454
0.537178
0.673944
0.513677
0.64854
