0.254576
0.276148
0.277992
0.281147
0.285707
0.291988
0.293352
0.264324
0.286133
0.264951
0.261875
0.27562
0.268123
0.28459
0.288519
0.295787
0.300547
0.293728
0.283505
0.286663
0.272383
0.287355
0.27283
0.284619
0.301368
0.294684
0.309508
0.294945
0.281613
0.271622
0.267068
0.281677
0.282078
0.313425
0.280786
0.295811
0.307668
0.302946
0.300398
0.298804
0.301811
0.298278
0.311175
0.294079
0.302193
0.310245
0.307528
0.308877
0.313536
0.280133
0.32842
0.300919
0.329963
0.300664
0.307289
0.309597
0.323189
0.329374
0.340895
0.291315
0.326893
0.336649
0.317103
0.321871
0.333495
0.341762
0.323039
0.347449
0.346007
0.333513
0.338158
0.331097
0.345958
0.34508
0.33853
0.353076
0.320918
0.328462
0.342705
0.333235
0.338613
0.345347
0.356132
0.35921
0.323179
0.359489
0.342791
0.319842
0.3133
0.359674
0.352694
0.367227
0.362277
0.357707
0.372228
0.32481
0.310912
0.376967
0.349838
0.368956
0.386234
0.344959
0.358181
0.373395
0.349452
0.339468
0.398279
0.422461
0.386217
0.358978
0.381389
0.357333
0.373179
0.370283
0.37772
0.390509
0.386275
0.353626
0.408582
0.395345
0.362901
0.434521
0.387497
0.377603
0.37574
0.4194
0.456501
0.395451
0.383505
0.397146
0.403602
0.450597
0.407652
0.39037
0.373744
0.451906
0.385889
0.361444
0.443128
0.459734
0.435543
0.453741
0.409312
0.48302
0.443559
0.399827
0.485479
0.37286
0.526339
0.355477
0.467171
0.476686
0.499425
0.443242
0.419565
0.486147
0.416007
0.484043
0.490389
0.442736
0.48369
0.423252
0.46849
0.440163
0.426278
0.432304
0.577
0.51682
0.430868
0.531749
0.492753
0.481459
0.471571
0.571429
0.503632
0.54468
0.578956
0.562114
0.486866
0.520902
0.595865
0.635908
0.634709
0.581255
0.558928
0.640208
0.606033
0.587132
0.646691
0.555022
0.592211
0.540255
0.700027
0.64979
0.65729
0.535685
0.598783
0.75292
0.689458
0.699154
0.571768
0.668814
0.773157
0.723306
0.67948
0.808559
0.75762
0.868394
0.698243
0.779392
0.842957
0.804914
0.841624
0.826378
0.776479
0.845704
0.710789
0.76512
0.876195
0.824679
0.773787
0.892674
0.770333
0.826435
0.805047
0.859598
0.849133
0.787858
0.770938
0.877143
0.915375
0.831063
0.757905
0.753416
0.641949
0.592429
0.74012
0.774095
0.711097
0.812746
0.757424
0.604405
0.815064
0.712093
0.752916
0.759093
0.78397
0.703572
0.543214
0.706556
0.706279
0.69688
0.741044
0.751982
0.640901
0.6936
0.733049
0.760693
0.798897
0.693127
0.532306
0.830398
0.61685
0.671645
0.705943
0.601277
0.681558
0.836635
0.782962
0.806396
0.804603
0.762393
0.91789
0.79412
0.7527
0.724727
0.864811
0.715804
0.783072
0.527784
0.752689
0.876304
0.904739
0.790486
0.709982
0.709895
0.793148
0.857955
0.712544
0.870503
0.805201
0.605351
0.644407
0.919909
0.649057
0.732571
0.821669
0.812369
0.873527
0.82696
0.837421
0.918069
0.786613
0.689812
0.666841
0.814849
0.882178
0.880374
0.830843
0.787258
0.734252
0.428302
0.721869
0.824069
0.646734
0.843476
0.838481
0.714764
0.512832
0.710264
0.834371
0.909781
0.90152
0.879167
0.795191
0.712501
0.708074
0.56683
0.842932
0.526247
0.922937
0.781966
0.459852
0.779915
0.701206
0.581935
0.882238
0.871541
0.454217
0.643127
0.806997
0.728476
0.674489
0.531833
0.84729
0.59623
0.640784
0.923019
0.782853
0.905375
0.870993
0.889449
0.835777
0.509907
0.65056
0.894437
0.818698
0.630122
0.813442
0.805541
0.674808
0.614035
0.713802
0.559946
0.798175
0.627326
0.870492
0.428917
0.633911
0.898324
0.891345
0.606264
0.684742
0.467722
0.690072
0.648307
0.803766
0.743682
0.573082
0.452881
0.536309
0.485872
0.697374
0.809856
0.664793
0.856058
0.867918
0.690754
0.739371
0.624479
0.806825
0.861746
0.648924
0.690926
0.605323
0.594573
0.903622
0.855997
0.480146
0.658605
0.692107
0.88414
0.476617
0.72494
0.799587
0.768922
0.878024
0.684989
0.750603
0.606162
