0.609657
0.618182
0.627082
0.520591
0.709454
0.775367
0.651622
0.620764
0.783239
0.6982
0.668124
0.687893
0.672904
0.746458
0.711757
0.758515
0.693288
0.71272
0.701704
0.652751
0.829047
0.84335
0.787396
0.724832
0.848147
0.73405
0.840901
0.735575
0.871763
0.722527
0.818064
0.884851
0.79207
0.876181
0.786813
0.849428
0.816293
0.844585
0.845656
0.878882
0.925975
0.829371
0.736849
0.726521
0.665536
0.611745
0.795454
0.749302
0.776755
0.802609
0.832664
0.698793
0.747967
0.6772
0.704996
0.618903
0.745512
0.727225
0.587343
0.692058
0.724851
0.72008
0.726027
0.751853
0.653151
0.725137
0.822613
0.72713
0.852368
0.692747
0.673068
0.818617
0.614506
0.682054
0.658644
0.900178
0.778963
0.782899
0.827848
0.713092
0.771718
0.80549
0.797564
0.788874
0.726119
0.870669
0.71439
0.786869
0.700911
0.877785
0.775803
0.933416
0.740494
0.84555
0.659331
0.659451
0.79346
0.91081
0.770844
0.813983
0.788695
0.860175
0.488108
0.636766
0.730388
0.931211
0.754057
0.797516
0.784841
0.828249
0.808273
0.500459
0.810576
0.746398
0.877011
0.933131
0.827818
0.869516
0.778397
0.649023
0.619125
0.555718
0.714009
0.816001
0.723547
0.7533
0.764872
0.864688
0.914438
0.740232
0.789712
0.679564
0.683112
0.697543
0.542248
0.882006
0.715377
0.873567
0.456579
0.916647
0.590483
0.865339
0.555371
0.612661
0.669497
0.880581
0.704379
0.859762
0.900331
0.562794
0.805045
0.782203
0.783128
0.794831
0.869433
0.754284
0.885245
0.932266
0.585123
0.595066
0.786859
0.840043
0.789042
0.673275
0.721672
0.858983
0.57095
0.839182
0.720191
0.661946
0.778034
0.858971
0.681079
0.808717
0.911153
0.570234
0.61145
0.543537
0.703671
0.801395
0.567116
0.660552
0.86992
0.729863
0.464978
0.848261
0.630192
0.796394
0.611739
0.695339
0.802581
0.68873
0.388213
0.770051
0.749721
0.603958
0.599384
0.650859
0.764279
0.40978
0.656634
0.63158
0.825112
0.463241
0.728748
0.918371
0.802592
0.574062
0.566103
0.764624
