0.670999
0.734558
0.916556
0.760923
0.884397
0.870787
0.910853
0.917928
0.626583
0.488867
0.803104
0.57168
0.413551
0.637938
0.88341
0.647837
0.852146
0.802576
0.792595
0.635958
0.797117
0.910511
0.908425
0.882123
0.776419
0.714083
0.646318
0.726616
0.724187
0.631175
0.909554
0.887207
0.871221
0.472992
0.920255
0.544925
0.861567
0.869908
0.430675
0.746518
0.874501
0.645243
0.649835
0.68176
0.532811
0.899456
0.390935
0.795841
0.697903
0.546308
0.881426
0.836035
0.507521
0.795778
0.923173
0.812342
0.676954
0.739251
0.769324
0.832213
0.64831
0.783382
0.846722
0.782676
0.802303
0.621119
0.886775
0.721014
0.420657
0.805422
0.725339
0.911404
0.511333
0.88855
0.708125
0.750951
0.545431
0.519872
0.661678
0.550439
0.726808
0.531142
0.564968
0.8559
0.754601
0.897584
0.82678
0.567457
0.709628
0.679294
0.92064
0.356053
0.766112
0.652176
0.640094
0.600782
0.728561
0.917021
0.862168
0.428748
0.667113
0.767411
0.543088
0.555956
0.735079
0.651202
0.735426
0.681921
0.660964
