0.736192
0.703297
0.685816
0.670053
0.746807
0.655083
0.773662
0.741932
0.699558
0.732899
0.645502
0.779611
0.684506
0.744277
0.713923
0.835097
0.803462
0.848779
0.780137
0.870783
0.848486
0.846275
0.839295
0.810654
0.856237
0.822468
0.849228
0.782344
0.849174
0.847035
0.87512
0.922132
0.836859
0.721686
0.7764
0.741178
0.632881
0.584245
0.781474
0.785072
0.77869
0.825539
0.757012
0.697947
0.809432
0.712794
0.751436
0.745228
0.777618
0.743784
0.588241
0.686677
0.72263
0.729914
0.738591
0.752618
0.653084
0.6936
0.766996
0.714833
0.813647
0.699155
0.646599
0.821494
0.574448
0.685137
0.687656
0.690144
0.7812
0.791282
0.831041
0.713198
0.755765
0.798194
0.786347
0.752866
0.726491
0.864763
0.71547
0.787299
0.462341
0.822657
0.838632
0.916335
0.658139
0.660662
0.624043
0.793787
0.890466
0.801521
0.855918
0.793931
0.893837
0.525264
0.424322
0.637083
0.920607
0.537679
0.813667
0.801537
0.867045
0.832203
0.655993
0.777779
0.746132
0.87054
0.52235
0.904983
0.797064
0.512606
0.798751
0.900562
0.545005
0.783359
0.916812
0.674083
0.745012
0.745827
0.761072
0.905974
0.539694
0.626811
0.881648
0.876305
0.717906
0.707966
0.552216
0.710194
0.572124
0.849345
0.642814
0.78122
0.921347
0.509631
0.754616
0.697513
0.582078
0.431326
0.441586
0.891206
0.727928
0.881578
0.652225
0.846804
0.679316
0.592828
0.790363
0.923173
0.788501
0.903089
0.735833
0.782506
0.931847
0.635804
0.588573
0.337748
0.758085
0.80863
0.754251
0.716902
0.853547
0.666862
0.787931
0.736449
0.649276
0.923999
0.619384
0.857805
0.776177
0.82188
0.793266
0.914035
0.611165
0.711149
0.677094
0.751202
0.469473
0.563046
0.700182
0.917713
0.699336
0.553267
0.897572
0.860378
0.749286
0.822172
0.526679
0.872469
0.701785
0.461388
0.617466
0.664313
0.628062
0.669975
0.613609
0.711542
0.448188
0.69994
0.867572
0.68007
0.730793
0.638425
0.572867
