0.802304
0.728001
0.870766
0.713499
0.664901
0.857722
0.802938
0.860321
0.913563
0.920484
0.735623
0.707655
0.680092
0.784301
0.871055
0.707605
0.904683
0.830653
0.912416
0.606156
0.592804
0.645903
0.916835
0.932273
0.732061
0.796963
0.768187
0.813466
0.782915
0.917053
0.800944
0.795203
0.874365
0.930691
0.798585
0.470675
0.598373
0.879411
0.887982
0.556592
0.708482
0.906568
0.825612
0.690598
0.765155
0.792593
0.805048
0.542655
0.71454
0.626853
0.6695
0.724381
0.54771
0.53544
0.860577
0.465288
0.757946
0.684734
0.698359
0.414789
0.740528
0.730924
0.647697
0.840285
0.836865
0.590622
0.927887
0.928931
0.922774
0.646432
0.756147
0.9188
0.768468
0.730089
0.83453
0.520674
0.755698
0.798204
0.843984
0.758433
0.673645
0.849322
0.678408
0.885606
0.845397
0.707155
0.534851
0.924446
0.591447
0.891789
0.547568
0.802294
0.89969
0.783704
0.507335
0.92993
0.784714
0.602127
0.666275
0.478715
0.793408
0.71273
0.769622
0.785966
0.90017
0.763723
0.804124
0.860734
0.799308
0.678184
0.79228
0.736507
0.605905
0.64224
0.617583
0.687841
0.612495
0.450766
0.816745
0.660791
0.587106
0.569181
0.666577
0.862152
0.532899
0.648769
0.64566
