0.85809
0.566581
0.68106
0.477991
0.802297
0.815547
0.780082
0.922442
0.455924
0.638215
0.692523
0.533341
0.614602
0.384574
0.742562
0.88463
0.888862
0.67755
0.832977
0.634917
0.59247
0.778138
0.928375
0.594642
0.711646
0.721654
0.753744
0.88012
0.861813
0.504488
0.657384
0.892691
0.812997
0.709026
0.910084
0.861623
0.696012
0.836489
0.699682
0.609566
0.91781
0.621767
0.430794
0.639233
0.669076
0.547977
0.797645
0.57223
0.662289
0.676134
0.673659
0.471888
0.678371
0.700316
0.845021
0.710266
0.604905
0.85012
0.603841
0.762209
0.859297
0.644332
0.751136
0.81043
0.728447
0.724329
0.81227
0.472312
0.616197
0.725582
0.629662
0.576928
0.795493
0.422116
0.66285
0.914159
0.586305
0.509127
0.778805
0.652634
0.850905
0.867955
0.557908
0.566942
