0.631477
0.66437
0.633219
0.882479
0.781076
0.812872
0.819108
0.728572
0.769281
0.801633
0.775715
0.745092
0.721513
0.872481
0.715806
0.726151
0.548372
0.847941
0.85495
0.916319
0.817489
0.614755
0.623881
0.792539
0.928502
0.717653
0.866979
0.805145
0.904659
0.789681
0.467762
0.718957
0.840833
0.932328
0.885684
0.933488
0.817128
0.71732
0.907474
0.796926
0.86237
0.91976
0.836005
0.786126
0.931426
0.859672
0.666605
0.785533
0.883403
0.629018
0.640638
0.848205
0.646365
0.683376
0.745693
0.865306
0.905314
0.816933
0.855304
0.714036
0.585786
0.808361
0.56568
0.78494
0.575826
0.772379
0.92296
0.446946
0.613923
0.910863
0.696437
0.482706
0.738347
0.846271
0.665877
0.818635
0.801414
0.543606
0.820053
0.919184
0.695045
0.86768
0.87316
0.725457
0.720185
0.881222
0.485401
0.90632
0.847224
0.723898
0.737913
0.602407
0.902009
0.785001
0.765794
0.532052
0.839654
0.781331
0.634204
0.558361
0.875958
0.638426
0.89129
0.532953
0.543108
0.801369
0.788324
0.907155
0.583214
0.910838
0.498131
0.64748
0.774719
0.589915
0.615953
0.573043
0.866908
0.709505
0.652542
0.864157
0.853865
0.738984
0.757684
0.85065
0.755251
0.724212
0.523671
0.694546
0.792277
0.752169
0.669993
0.606512
0.903751
0.697618
0.865547
0.539983
0.478702
0.605198
0.761483
0.775101
0.518825
0.602193
0.675862
