0.415246
0.391611
0.409888
0.397106
0.402022
0.394142
0.408895
0.424288
0.424651
0.422838
0.387359
0.41064
0.404441
0.425883
0.39257
0.42932
0.425217
0.435441
0.382587
0.507895
0.421776
0.44105
0.322838
0.438504
0.468514
0.438849
0.518598
0.456848
0.473329
0.457573
0.453779
0.42346
0.43407
0.475101
0.453963
0.361577
0.499803
0.488811
0.474792
0.463637
0.609376
0.453469
0.423925
0.496929
0.525355
0.478433
0.514045
0.451926
0.538478
0.575389
0.564004
0.498044
0.548731
0.57641
0.516339
0.557098
0.563735
0.562831
0.635139
0.580801
0.59831
0.61516
0.629037
0.598112
0.679562
0.657
0.682183
0.664825
0.620912
0.730749
0.694755
0.608215
0.670288
0.803292
0.769954
0.774431
0.695318
0.733193
0.747463
0.697713
0.800947
0.842557
0.750988
0.72695
0.851086
0.797277
0.835404
0.750198
0.788185
0.705016
0.853343
0.85441
0.81457
0.869474
0.799282
0.849163
0.807674
0.848759
0.777057
0.877704
0.929275
0.818969
0.723467
0.736231
0.653666
0.606078
0.795711
0.713308
0.739746
0.827225
0.821962
0.618312
0.809869
0.711865
0.754935
0.765881
0.713636
0.738635
0.538859
0.695543
0.694067
0.743547
0.741451
0.749711
0.650505
0.703329
0.720798
0.640305
0.793313
0.692732
0.645479
0.829062
0.61902
0.650688
0.701459
0.504493
0.678696
0.855147
0.762103
0.807767
0.791545
0.761673
0.92195
0.790463
0.774529
0.721929
0.87256
0.70873
0.78594
0.857452
0.82224
0.836995
0.933949
0.737054
0.845128
0.696161
0.639458
0.793833
0.877812
0.788102
0.866312
0.724657
0.893837
0.374166
0.502335
0.725786
0.918493
0.683456
0.632109
0.822109
0.755248
0.813611
0.797833
0.912924
0.790501
0.727322
0.874365
0.92258
0.837154
0.74079
0.544828
0.732103
0.892535
0.515004
0.801646
0.901834
0.778204
0.838431
0.804625
0.801422
0.523312
0.538031
0.854954
0.668863
0.712612
0.733476
0.785217
0.922254
0.476396
0.740483
0.885096
0.696713
0.882805
0.900452
0.451649
0.506947
0.890552
0.879268
0.73085
0.776639
0.912176
0.562953
0.831623
0.812069
0.74437
0.773108
0.727407
0.897352
0.48672
0.849098
0.757877
0.753362
0.759657
0.716937
0.817591
0.681042
0.656334
0.797918
0.93114
0.577383
0.394483
0.798865
0.66125
0.766515
0.853558
0.790594
0.561644
0.735952
0.499792
0.906945
0.932273
0.708864
0.619169
0.602853
0.535943
0.640448
0.478248
0.824743
0.48573
0.607833
0.855943
0.850223
0.769928
0.817105
0.616325
0.784243
0.920322
0.728076
0.700856
0.874227
0.74933
0.587437
0.407655
0.688812
0.688306
0.91624
0.466982
0.465606
0.725624
0.739733
0.830801
0.580774
0.524593
0.568047
