0.325299
0.335942
0.321355
0.35425
0.296835
0.339
0.336585
0.335882
0.315367
0.353713
0.347665
0.355141
0.348623
0.348986
0.315297
0.338468
0.359412
0.362525
0.332988
0.33461
0.313241
0.355483
0.351829
0.335784
0.362424
0.356368
0.369337
0.35919
0.361382
0.352866
0.373685
0.356735
0.34517
0.374613
0.372186
0.356504
0.371566
0.334355
0.363886
0.377366
0.368406
0.375886
0.396432
0.391374
0.345571
0.395892
0.374958
0.395643
0.397851
0.378393
0.404779
0.38927
0.40564
0.404992
0.398462
0.422364
0.378899
0.350259
0.401892
0.37624
0.412047
0.437916
0.381472
0.373988
0.342877
0.390498
0.445588
0.405863
0.423702
0.434766
0.390447
0.433577
0.402024
0.357274
0.401351
0.387022
0.435042
0.414157
0.477207
0.426845
0.432012
0.486096
0.44311
0.437031
0.408106
0.466056
0.510567
0.473385
0.44388
0.512717
0.440536
0.494649
0.427431
0.387404
0.452396
0.486151
0.398418
0.483155
0.494996
0.450971
0.496654
0.517365
0.530783
0.438958
0.49028
0.463705
0.509194
0.587712
0.49145
0.545809
0.548905
0.536971
0.49876
0.627884
0.636563
0.538715
0.478096
0.555979
0.622266
0.647729
0.56349
0.59552
0.633418
0.542908
0.531867
0.700366
0.710365
0.681127
0.570484
0.660934
0.729211
0.713332
0.667276
0.655007
0.66874
0.793133
0.703377
0.769848
0.736814
0.732592
0.683176
0.820196
0.84369
0.750934
0.716523
0.791195
0.88314
0.809706
0.844923
0.671628
0.800774
0.706392
0.823256
0.839403
0.791066
0.873291
0.814322
0.846017
0.807968
0.844575
0.815184
0.86638
0.926474
0.834753
0.729089
0.728816
0.612826
0.875917
0.906309
0.855424
0.903025
0.921168
0.74819
0.851294
0.86803
0.779444
0.870464
0.813551
0.906728
0.712688
0.676049
0.587781
0.74137
0.685072
0.744669
0.704887
0.750325
0.732039
0.692743
0.839044
0.759711
0.855976
0.692732
0.632301
0.770722
0.637324
0.676171
0.637486
0.664539
0.684213
0.872257
0.757304
0.785242
0.810256
0.777861
0.914286
0.782875
0.806814
0.727098
0.876218
0.715806
0.782513
0.746006
0.881421
0.709087
0.926711
0.855393
0.818741
0.660793
0.654108
0.789208
0.790894
0.716113
0.904113
0.805349
0.900767
0.434757
0.753202
0.823397
0.792855
0.672595
0.734914
0.899119
0.751934
0.833498
0.730718
0.916554
0.868907
0.744111
0.836625
0.852176
0.854305
0.550306
0.728172
0.900992
0.54599
0.761522
0.897771
0.778834
0.746188
0.758963
0.87193
0.905809
0.755033
0.501623
0.707793
0.585904
0.791421
0.523289
0.865764
0.649897
0.783191
0.921337
0.462118
0.681199
0.881097
0.585809
0.84052
0.838778
0.473882
0.42077
0.915382
0.727282
0.860063
0.701176
0.81646
0.682673
0.542339
0.92071
0.929444
0.643586
0.834547
0.747718
0.854971
0.535173
0.545935
0.524936
0.923145
0.628961
0.700332
0.72856
0.596508
0.610183
0.816545
0.801943
0.533343
0.877605
0.620242
0.853757
0.864195
0.638275
0.645502
0.902964
0.601192
0.715727
0.528878
0.707296
0.651002
0.760101
0.456726
0.790109
0.71534
0.442413
0.562727
0.729738
0.83018
0.462786
0.792491
0.877182
0.921198
0.817888
0.819287
0.497113
0.52865
0.88823
0.827393
0.710632
0.742499
0.910324
0.779161
0.757297
0.752466
0.486843
0.858411
0.857295
0.448535
0.697453
0.508684
0.534569
0.865707
0.769772
0.878799
0.580788
0.643929
0.70674
