0.424498
0.364761
0.350044
0.373367
0.390568
0.381228
0.373784
0.379606
0.410557
0.402165
0.376255
0.40558
0.402208
0.371143
0.435053
0.403655
0.422155
0.410567
0.418542
0.426436
0.387901
0.362376
0.397274
0.416931
0.412719
0.445981
0.374532
0.344665
0.380016
0.403588
0.397546
0.392094
0.425713
0.400352
0.451696
0.448052
0.396924
0.469553
0.439054
0.448653
0.476774
0.433036
0.525969
0.340427
0.468833
0.486504
0.523155
0.475102
0.472266
0.521486
0.416951
0.474326
0.436413
0.470093
0.45283
0.496086
0.491571
0.499683
0.424297
0.477463
0.494258
0.491713
0.475227
0.487275
0.532068
0.494143
0.477439
0.567391
0.498061
0.520902
0.625717
0.635408
0.638276
0.52949
0.546716
0.623603
0.649451
0.600901
0.550631
0.610686
0.630264
0.677754
0.712582
0.689122
0.631022
0.62642
0.770588
0.728934
0.589067
0.769494
0.568041
0.655544
0.787118
0.709214
0.755725
0.70057
0.749423
0.755048
0.819217
0.749275
0.744022
0.730282
0.813082
0.786895
0.840936
0.749892
0.802155
0.812223
0.823228
0.885642
0.814305
0.670956
0.897996
0.788316
0.849128
0.83913
0.821944
0.820947
0.796041
0.831769
0.791937
0.730718
0.643925
0.657913
0.737301
0.766656
0.782885
0.826328
0.854763
0.634653
0.732877
0.712831
0.683164
0.726821
0.761238
0.71937
0.57982
0.74264
0.767509
0.71585
0.729448
0.7481
0.652225
0.73158
0.72655
0.761213
0.789404
0.692703
0.614733
0.833294
0.585368
0.681081
0.689227
0.489611
0.727142
0.872373
0.751498
0.791028
0.804578
0.776094
0.920328
0.795851
0.81889
0.720985
0.861734
0.714985
0.78252
0.704684
0.877577
0.661973
0.891168
0.914324
0.723864
0.654545
0.642149
0.793694
0.877876
0.892257
0.786091
0.80259
0.768248
0.362325
0.573101
0.837217
0.791037
0.683474
0.932725
0.873402
0.710733
0.855878
0.885694
0.84025
0.917093
0.778962
0.733666
0.87043
0.93197
0.561937
0.629283
0.58629
0.697411
0.754071
0.582921
0.631408
0.744108
0.868327
0.728839
0.826207
0.805696
0.735641
0.510507
0.685218
0.582432
0.699854
0.785104
0.581348
0.872429
0.460782
0.709371
0.704082
0.614696
0.469254
0.751947
0.680749
0.890972
0.654598
0.800173
0.673538
0.40636
0.610573
0.647341
0.914875
0.762608
0.850361
0.890342
0.532284
0.48773
0.890201
0.760625
0.797082
0.720878
0.876826
0.674362
0.758924
0.625555
0.884657
0.640664
0.855031
0.696402
0.653937
0.793958
0.539136
0.853772
0.706682
0.656
0.656679
0.415892
0.448854
0.627871
0.867152
0.679754
0.536815
0.847835
0.604795
0.73584
0.852213
0.690654
0.835442
0.847211
0.694565
0.622129
0.68316
0.542558
0.807452
0.60128
0.603225
0.689353
0.493329
0.657896
0.687764
0.566129
0.588599
0.821812
0.859047
0.566569
0.751386
0.577206
