0.42382
0.434623
0.416212
0.439417
0.440648
0.521873
0.49205
0.460768
0.513968
0.463774
0.435626
0.404075
0.457803
0.479626
0.44253
0.501612
0.440017
0.44718
0.585952
0.409052
0.464269
0.524413
0.518072
0.488721
0.464382
0.553123
0.507182
0.552536
0.556053
0.500696
0.51971
0.569903
0.601314
0.521412
0.638148
0.587822
0.549684
0.620147
0.659102
0.56349
0.603904
0.64528
0.538305
0.560058
0.600441
0.662901
0.712591
0.76863
0.687079
0.623572
0.753445
0.740912
0.695636
0.580652
0.672904
0.708176
0.751411
0.750066
0.699967
0.732723
0.627711
0.831325
0.78509
0.803898
0.791696
0.80429
0.781202
0.71126
0.789847
0.819294
0.823894
0.854903
0.772572
0.829107
0.807269
0.849163
0.786602
0.810704
0.824172
0.795929
0.836817
0.722832
0.730406
0.639599
0.585682
0.79566
0.793469
0.741106
0.804519
0.8345
0.669038
0.868328
0.784665
0.8542
0.821069
0.907859
0.818368
0.830207
0.870986
0.826252
0.867521
0.860283
0.845796
0.916528
0.667128
0.693028
0.83433
0.759162
0.790856
0.692732
0.581648
0.829338
0.593009
0.682186
0.706803
0.710339
0.775375
0.782499
0.808666
0.740988
0.75591
0.799237
0.796922
0.782563
0.7228
0.863101
0.714778
0.787205
0.805704
0.892138
0.733743
0.929251
0.579718
0.854789
0.695485
0.69544
0.79212
0.928008
0.881596
0.859612
0.80515
0.869684
0.379058
0.520051
0.706481
0.763727
0.883628
0.721713
0.794945
0.789904
0.828413
0.729221
0.695757
0.858484
0.76527
0.901966
0.865316
0.543245
0.542812
0.67899
0.886935
0.628504
0.831775
0.901646
0.727567
0.725936
0.789646
0.785117
0.528498
0.759784
0.896617
0.503295
0.802643
0.817447
0.875669
0.466394
0.648907
0.654091
0.529744
0.842433
0.76451
0.458393
0.427802
0.781939
0.727963
0.640849
0.819527
0.771417
0.601644
0.832068
0.923023
0.679726
0.906316
0.911608
0.757372
0.711853
0.845368
0.519606
0.666887
0.901126
0.918087
0.789042
0.747723
0.677043
0.609166
0.671856
0.713346
0.782776
0.779952
0.46066
0.808046
0.870032
0.863804
0.845402
0.910676
0.583171
0.870951
0.537921
0.641888
0.736454
0.673288
0.59182
0.591045
0.883745
0.526492
0.778875
0.746697
0.900657
0.758741
0.846399
0.617371
0.488846
0.867647
0.70974
0.709068
0.617269
0.642089
0.60446
0.835651
0.774075
0.780072
0.416325
0.655901
0.712776
0.919532
0.517611
0.710236
0.769881
0.880999
0.911116
0.686935
0.52754
0.716161
