0.22889
0.23003
0.235986
0.224585
0.234682
0.240027
0.250043
0.245161
0.241473
0.238919
0.24254
0.240596
0.241453
0.231997
0.241358
0.233151
0.234751
0.244105
0.247213
0.241993
0.244914
0.245074
0.237162
0.237915
0.245684
0.244679
0.246684
0.243362
0.241637
0.23671
0.242917
0.233965
0.239379
0.243302
0.248551
0.244658
0.249237
0.244501
0.243471
0.250224
0.237266
0.236187
0.225569
0.251208
0.243831
0.246791
0.247687
0.246578
0.25017
0.225926
0.225006
0.24982
0.2388
0.24619
0.246617
0.241428
0.248514
0.252513
0.255639
0.251325
0.252179
0.253575
0.24858
0.247699
0.231873
0.242197
0.236623
0.232841
0.247338
0.25243
0.247306
0.255062
0.261546
0.238645
0.253954
0.258281
0.253132
0.247076
0.247127
0.250579
0.248279
0.250927
0.252709
0.250639
0.25963
0.266207
0.259291
0.246463
0.266155
0.256218
0.264912
0.246667
0.251429
0.253857
0.241845
0.253855
0.25182
0.255417
0.271707
0.251053
0.266512
0.260914
0.261716
0.25761
0.242739
0.25104
0.252724
0.262482
0.273807
0.259073
0.274933
0.27437
0.269329
0.256519
0.25867
0.245503
0.267044
0.250644
0.265857
0.276068
0.290432
0.264299
0.27902
0.274536
0.271039
0.268872
0.271302
0.275332
0.249857
0.287561
0.284325
0.292309
0.291202
0.286657
0.275055
0.250637
0.252557
0.248355
0.279953
0.286979
0.299227
0.300669
0.298781
0.290375
0.279753
0.245226
0.278651
0.285824
0.285118
0.290283
0.30861
0.303197
0.280742
0.292745
0.289715
0.278913
0.283502
0.283327
0.313972
0.317316
0.300327
0.299554
0.293951
0.295365
0.291046
0.303078
0.315302
0.314014
0.31643
0.295296
0.321023
0.317724
0.272254
0.306882
0.310341
0.305689
0.3017
0.323677
0.328217
0.307121
0.329995
0.315658
0.316401
0.303565
0.329886
0.338777
0.341256
0.3394
0.330745
0.319964
0.327511
0.306862
0.335596
0.346846
0.315003
0.348568
0.330948
0.324866
0.309651
0.327831
0.345378
0.346935
0.350751
0.328313
0.336681
0.342531
0.332231
0.316735
0.35492
0.350578
0.341912
0.340326
0.346395
0.313586
0.352973
0.362149
0.321829
0.325132
0.352779
0.330296
0.362912
0.377681
0.378939
0.281221
0.341464
0.376276
0.342922
0.364473
0.357076
0.340035
0.364119
0.368526
0.371225
0.400406
0.382446
0.385057
0.358187
0.342417
0.38558
0.366362
0.371408
0.390632
0.358666
0.399436
0.377643
0.408752
0.396766
0.35995
0.368362
0.403892
0.328229
0.411224
0.397147
0.41189
0.376254
0.382922
0.360671
0.401812
0.450345
0.376109
0.426233
0.373041
0.431146
0.401945
0.387645
0.39005
0.466098
0.363352
0.448991
0.443285
0.425892
0.470165
0.460857
0.411701
0.441758
0.37037
0.50471
0.408484
0.465654
0.475789
0.521629
0.446393
0.455068
0.429822
0.44468
0.447154
0.481505
0.430049
0.467124
0.427994
0.482308
0.463858
0.441871
0.604625
0.491597
0.368913
0.519229
0.461034
0.481582
0.525425
0.4999
0.52791
0.478054
0.556699
0.482425
0.632739
0.545122
0.63678
0.592491
0.562777
0.642814
0.599668
0.585037
0.48305
0.594967
0.605673
0.500941
0.637643
0.57291
0.673348
0.746391
0.687314
0.645271
0.782536
0.69028
0.705148
0.684931
0.585376
0.670993
0.796232
0.674638
0.758379
0.700556
0.711792
0.657455
0.775537
0.842414
0.759219
0.720054
0.872083
0.798206
0.841211
0.791749
0.871002
0.810975
0.869465
0.839164
0.800058
0.86972
0.769129
0.843847
0.849692
0.844081
0.776244
0.873082
0.922896
0.665391
0.728591
0.731647
0.716845
0.624295
0.78918
0.792167
0.776208
0.77081
0.835099
0.61997
0.809757
0.686381
0.697306
0.736273
0.716553
0.741143
0.587422
0.743175
0.719534
0.743568
0.739479
0.748679
0.648109
0.728951
0.81628
0.760453
0.787384
0.696793
0.500091
0.819738
0.623084
0.670362
0.62367
0.590984
0.807164
0.773512
0.729123
0.835073
0.806359
0.765912
0.916224
0.79137
0.826039
0.728137
0.863289
0.715607
0.788551
0.742831
0.877703
0.775726
0.930976
0.917764
0.664617
0.707621
0.626229
0.789255
0.864608
0.892487
0.854704
0.821114
0.88608
0.639004
0.563586
0.639813
0.838886
0.920206
0.691452
0.745028
0.82345
0.761608
0.808468
0.808365
0.62197
0.81127
0.839835
0.667096
0.930896
0.851747
0.8656
0.522981
0.84686
0.655424
0.790346
0.730149
0.817387
0.703158
0.660912
0.746715
0.879114
0.518205
0.860933
0.724276
0.710701
0.59699
0.789425
0.571714
0.74984
0.598746
0.771389
0.907826
0.519645
0.895483
0.47087
0.860523
0.598613
0.599669
0.877578
0.752101
0.774288
0.738236
0.619023
0.777724
0.920759
0.909168
0.858792
0.717098
0.889239
0.731953
0.487644
0.900024
0.768053
0.769425
0.64594
0.790654
0.868802
0.684284
0.798266
0.819157
0.712359
0.841015
0.450763
0.935419
0.616053
0.668795
0.786436
0.774115
0.775962
0.775256
0.887649
0.735436
0.665688
0.597024
0.685725
0.548429
0.86035
0.680931
0.807711
0.867364
0.898591
0.854661
0.757262
0.818441
0.791377
0.88537
0.737267
0.409719
0.856884
0.923569
0.808036
0.613982
0.796762
0.906355
0.654995
0.513005
0.927245
0.652108
0.464442
0.544615
0.472845
0.848107
0.830414
0.63564
0.538549
0.577193
