0.835254
0.840371
0.828992
0.760329
0.730628
0.635563
0.703584
0.433896
0.837757
0.776293
0.912013
0.801789
0.807985
0.663022
0.813504
0.697417
0.686036
0.729901
0.712289
0.68902
0.656425
0.692961
0.706279
0.751428
0.693239
0.751516
0.633409
0.716857
0.825194
0.759934
0.813479
0.66334
0.670911
0.830498
0.632002
0.680927
0.707123
0.398051
0.687923
0.856743
0.730614
0.816272
0.788755
0.777477
0.923658
0.895186
0.753946
0.799892
0.837515
0.819898
0.912417
0.891288
0.661443
0.933416
0.827082
0.801109
0.69894
0.660496
0.792638
0.900282
0.718325
0.906241
0.804269
0.924966
0.508814
0.712962
0.822935
0.905907
0.553113
0.73779
0.797289
0.756973
0.807973
0.812992
0.91944
0.781209
0.817946
0.857807
0.891468
0.799027
0.587426
0.841478
0.554809
0.543936
0.752692
0.898928
0.681754
0.684233
0.743456
0.877398
0.914128
0.692859
0.862171
0.842728
0.723088
0.682661
0.932555
0.79276
0.908486
0.747405
0.90036
0.529799
0.821962
0.876066
0.441547
0.589641
0.825945
0.892909
0.665402
0.802623
0.597179
0.81923
0.846946
0.926493
0.922991
0.628807
0.899741
0.859916
0.757507
0.772499
0.762487
0.477702
0.731359
0.923183
0.797612
0.699918
0.693545
0.715381
0.852847
0.677545
0.841053
0.841862
0.806601
0.805238
0.579843
0.899481
0.621688
0.865194
0.748596
0.459906
0.806749
0.793787
0.868233
0.849106
0.498687
0.855652
0.846116
0.77078
0.619854
0.601174
0.695998
0.734223
0.564977
0.928083
0.630139
0.760672
0.819611
0.814049
0.845862
0.807242
0.523795
0.690724
0.85514
0.68343
0.41375
0.741885
0.606504
0.749875
0.568409
0.445126
0.853589
0.402892
0.656786
0.68623
0.467444
0.529861
0.597402
0.469094
0.777767
0.708728
0.591513
0.646124
0.68814
