0.497478
0.481678
0.577378
0.529519
0.450266
0.560388
0.5414
0.55953
0.413626
0.51889
0.579237
0.638244
0.647396
0.580698
0.56741
0.658994
0.58695
0.620356
0.611256
0.629479
0.708695
0.66673
0.736079
0.712142
0.669041
0.608026
0.791722
0.680452
0.679697
0.601462
0.668937
0.731522
0.776103
0.746414
0.753628
0.871793
0.781223
0.699382
0.670978
0.829931
0.844052
0.79148
0.727371
0.834967
0.783773
0.827805
0.759451
0.801916
0.871955
0.818877
0.876086
0.887913
0.75305
0.794536
0.742696
0.843987
0.82608
0.846451
0.81522
0.867837
0.92341
0.83676
0.788841
0.732787
0.633492
0.564974
0.795487
0.79294
0.774388
0.807418
0.829009
0.719568
0.81446
0.709226
0.674884
0.746694
0.719608
0.741679
0.605146
0.722794
0.736731
0.745521
0.742167
0.750662
0.66734
0.74096
0.720798
0.699063
0.786667
0.692732
0.584184
0.732977
0.642253
0.652793
0.705336
0.487857
0.682819
0.821
0.739109
0.786919
0.797262
0.776184
0.924163
0.931148
0.735197
0.681098
0.859833
0.726081
0.790162
0.806807
0.852376
0.666582
0.921357
0.835368
0.69636
0.701991
0.649344
0.793738
0.826539
0.772237
0.856738
0.820813
0.841727
0.516348
0.622672
0.706341
0.790507
0.931187
0.862995
0.623875
0.855261
0.778918
0.853006
0.700301
0.875699
0.668105
0.930577
0.835756
0.567889
0.647278
0.659628
0.886105
0.598988
0.736161
0.865049
0.709499
0.739746
0.840882
0.807721
0.789442
0.540473
0.591766
0.874629
0.560572
0.837036
0.68746
0.874585
0.447428
0.647491
0.629705
0.661014
0.458339
0.685181
0.877519
0.643942
0.832855
0.633402
0.573095
0.779179
0.928645
0.92184
0.630152
0.915772
0.918027
0.706459
0.652888
0.542561
0.920753
0.773776
0.750006
0.611355
0.642644
0.832433
0.661532
0.740035
0.609905
0.562814
0.922624
0.636924
0.861788
0.683013
0.838169
0.786149
0.908565
0.584934
0.615927
0.632489
0.733222
0.608019
0.452501
0.709096
0.460175
0.790837
0.690811
0.487911
0.850281
0.805564
0.597057
0.788623
0.824769
0.896695
0.647843
0.822551
0.797666
0.841488
0.634055
0.625805
0.604288
0.637343
0.625358
0.588701
0.666571
0.809825
0.87309
0.54231
0.508319
0.669512
0.91929
0.813287
0.848453
0.471457
