0.310953
0.334029
0.300415
0.325353
0.26607
0.311557
0.315658
0.303581
0.32627
0.338902
0.32593
0.317465
0.330556
0.330236
0.31387
0.333099
0.343658
0.338184
0.35218
0.345824
0.329806
0.334623
0.302346
0.329654
0.350769
0.299708
0.359429
0.341303
0.344941
0.342829
0.353692
0.356901
0.352493
0.341141
0.328829
0.347311
0.371499
0.344018
0.34516
0.351861
0.301658
0.358487
0.357404
0.368422
0.325232
0.356857
0.368046
0.319977
0.375982
0.379613
0.348197
0.389286
0.381904
0.367403
0.355099
0.340452
0.378531
0.395941
0.416559
0.372771
0.384133
0.354278
0.393303
0.384362
0.362147
0.362454
0.389139
0.35277
0.42058
0.309236
0.365912
0.422223
0.38068
0.415319
0.400943
0.396913
0.425727
0.347743
0.41748
0.372478
0.416627
0.446757
0.429862
0.43069
0.414603
0.436827
0.450931
0.442114
0.427229
0.439168
0.460147
0.405185
0.446226
0.416717
0.458415
0.438353
0.464755
0.395206
0.488223
0.436673
0.471801
0.383533
0.475316
0.470734
0.518296
0.454887
0.498236
0.440096
0.449276
0.462914
0.496519
0.497895
0.497679
0.456847
0.505042
0.497715
0.404435
0.494192
0.550643
0.439148
0.524776
0.542861
0.47235
0.40922
0.527364
0.568331
0.559727
0.500694
0.518018
0.495682
0.587765
0.54861
0.551751
0.588754
0.563153
0.609038
0.56831
0.617248
0.583882
0.61169
0.651938
0.640229
0.772617
0.662534
0.566027
0.590948
0.782942
0.754976
0.691436
0.586508
0.663402
0.752834
0.741775
0.818941
0.71654
0.708794
0.763622
0.780566
0.844052
0.75192
0.720531
0.872903
0.78546
0.836984
0.700903
0.787637
0.749549
0.848138
0.839158
0.821324
0.829211
0.750377
0.80867
0.788315
0.789087
0.825531
0.875623
0.923301
0.834766
0.765561
0.726482
0.660844
0.593412
0.808728
0.713571
0.780696
0.793492
0.807689
0.599693
0.813539
0.712667
0.751783
0.73626
0.805807
0.740823
0.649799
0.730946
0.729564
0.744024
0.729164
0.752448
0.688542
0.692729
0.699674
0.754299
0.789507
0.692732
0.527919
0.829085
0.590611
0.672007
0.696762
0.418925
0.676845
0.821383
0.772142
0.777531
0.799768
0.778534
0.916356
0.764
0.783756
0.726082
0.867764
0.665037
0.751225
0.70056
0.878336
0.772063
0.923567
0.579473
0.731049
0.70612
0.627155
0.790195
0.902585
0.77273
0.854996
0.805224
0.876699
0.778924
0.45033
0.597707
0.697331
0.928738
0.584178
0.854616
0.814178
0.639536
0.855773
0.768512
0.855271
0.620557
0.769941
0.844966
0.653335
0.930919
0.797723
0.786829
0.806683
0.561892
0.446578
0.831673
0.90194
0.749972
0.728127
0.790852
0.803832
0.528189
0.703561
0.558012
0.713525
0.540412
0.86487
0.653041
0.755267
0.871054
0.729368
0.900448
0.61177
0.827359
0.868729
0.44916
0.599804
0.878012
0.885892
0.665546
0.823173
0.912615
0.819572
0.59328
0.689969
0.929008
0.542285
0.79326
0.917089
0.901582
0.87053
0.762292
0.45978
0.922933
0.796851
0.747227
0.63025
0.679444
0.589512
0.671194
0.535167
0.755185
0.886726
0.536972
0.841955
0.638648
0.807927
0.834466
0.818691
0.903189
0.901877
0.582333
0.627295
0.72821
0.625193
0.763973
0.640066
0.604331
0.473977
0.8558
0.710105
0.462356
0.859653
0.844192
0.758942
0.827149
0.870002
0.690609
0.849808
0.728475
0.764433
0.613063
0.618674
0.603306
0.686023
0.922455
0.839853
0.675096
0.713794
0.751252
0.86388
0.397151
0.563602
0.688105
0.890532
0.795809
0.878309
0.581244
0.567361
