0.868578
0.716453
0.676549
0.829962
0.838347
0.7697
0.744715
0.866368
0.805488
0.841489
0.778442
0.87218
0.805389
0.875245
0.873301
0.86941
0.875872
0.805063
0.809581
0.873489
0.862618
0.822809
0.874831
0.930959
0.829887
0.712127
0.746748
0.633575
0.642988
0.737655
0.779858
0.740885
0.803102
0.763628
0.728728
0.809438
0.686486
0.751631
0.867724
0.907868
0.767632
0.742036
0.606932
0.705549
0.704374
0.742465
0.711821
0.751442
0.699068
0.730876
0.835524
0.734033
0.789398
0.695166
0.668784
0.794466
0.633573
0.675864
0.64322
0.902682
0.761144
0.806802
0.83144
0.713432
0.760906
0.788306
0.791829
0.816194
0.722624
0.870682
0.713513
0.787014
0.703311
0.876569
0.775777
0.933416
0.757267
0.795985
0.714779
0.651132
0.788164
0.926139
0.885497
0.858592
0.810922
0.890258
0.793157
0.407438
0.597507
0.468426
0.752214
0.556008
0.556307
0.620053
0.774327
0.811746
0.81355
0.912928
0.700928
0.825014
0.874937
0.916387
0.76405
0.822618
0.555877
0.793687
0.55865
0.42735
0.529404
0.614084
0.846821
0.645015
0.848228
0.756163
0.84246
0.805645
0.652069
0.721184
0.693676
0.707876
0.820595
0.634848
0.608089
0.534417
0.757632
0.480851
0.828092
0.878564
0.448047
0.649548
0.749439
0.888591
0.659999
0.588232
0.578374
0.640762
0.909964
0.731366
0.604296
0.873241
0.906238
0.533146
0.794903
0.486671
0.919553
0.848286
0.784011
0.699823
0.659014
0.727522
0.618238
0.607915
0.918537
0.873864
0.822244
0.893144
0.910582
0.776122
0.805799
0.653882
0.902113
0.882576
0.891641
0.544109
0.461963
0.544578
0.930241
0.841245
0.665857
0.68518
0.596418
0.529367
0.484102
0.750371
0.511504
0.913753
0.768717
0.613797
0.699155
0.776488
0.84808
0.392037
0.418538
0.701681
0.933543
0.627419
0.604996
0.725779
0.685186
0.613753
0.743831
0.393858
0.66211
0.709039
0.694001
0.546919
0.692922
0.79787
0.829669
0.66317
0.577016
