0.267888
0.281671
0.254952
0.252068
0.264831
0.243731
0.264604
0.262073
0.267309
0.254346
0.274349
0.264532
0.289784
0.276921
0.265168
0.276172
0.267615
0.273016
0.270896
0.273928
0.283394
0.288104
0.285893
0.295793
0.254098
0.272242
0.272398
0.270669
0.238636
0.278314
0.280722
0.296164
0.300841
0.287998
0.277201
0.283784
0.278383
0.244448
0.273701
0.276569
0.288964
0.308848
0.30603
0.26346
0.275256
0.288502
0.283841
0.286016
0.270476
0.309431
0.319301
0.3115
0.290341
0.306694
0.302011
0.265403
0.301997
0.309284
0.322584
0.294232
0.296651
0.313486
0.313436
0.304929
0.308047
0.311384
0.291017
0.313096
0.320018
0.300894
0.328837
0.320556
0.318306
0.31637
0.319611
0.312627
0.278411
0.342821
0.341109
0.31237
0.331402
0.332339
0.344545
0.336867
0.347846
0.339894
0.31754
0.33983
0.335044
0.350679
0.345009
0.348126
0.356871
0.340308
0.355998
0.352417
0.335681
0.358478
0.349023
0.358217
0.343955
0.353304
0.362858
0.34288
0.357575
0.344515
0.359041
0.338123
0.371724
0.369907
0.360816
0.363486
0.369428
0.348837
0.304178
0.374665
0.379755
0.336815
0.345607
0.392096
0.340688
0.346771
0.372204
0.347584
0.37191
0.385967
0.339839
0.357725
0.397205
0.317428
0.377046
0.399158
0.388359
0.406798
0.383469
0.394804
0.404604
0.406976
0.369203
0.392298
0.424619
0.394416
0.406197
0.360872
0.413683
0.40041
0.34727
0.373368
0.385118
0.433741
0.405092
0.402332
0.412322
0.41362
0.410646
0.421885
0.426146
0.44419
0.34592
0.409011
0.370267
0.468333
0.468506
0.42706
0.454057
0.407617
0.487207
0.437757
0.473916
0.412179
0.478647
0.434161
0.45644
0.391089
0.472044
0.460165
0.474797
0.475557
0.469997
0.440605
0.431844
0.488878
0.493928
0.517637
0.599413
0.438137
0.490435
0.481061
0.51871
0.479787
0.475693
0.47762
0.52998
0.507011
0.434707
0.562601
0.45388
0.520997
0.592154
0.542873
0.557001
0.503973
0.580434
0.578763
0.625946
0.563229
0.583898
0.613403
0.560813
0.577527
0.589369
0.674059
0.739966
0.695128
0.634511
0.739582
0.745003
0.537976
0.769498
0.587817
0.715725
0.679163
0.787419
0.694339
0.776513
0.750981
0.746607
0.795409
0.804416
0.842078
0.791125
0.810088
0.8395
0.674273
0.812261
0.747177
0.666188
0.773339
0.883639
0.765688
0.829107
0.741897
0.84956
0.813067
0.78899
0.796801
0.875946
0.920851
0.813968
0.735918
0.755647
0.662652
0.624725
0.792019
0.786971
0.77621
0.814551
0.849634
0.637844
0.813107
0.712093
0.741703
0.755213
0.742055
0.735444
0.587249
0.731226
0.742147
0.745079
0.737366
0.770989
0.698243
0.692743
0.702623
0.759934
0.792842
0.702155
0.632819
0.829297
0.627149
0.671562
0.643182
0.663496
0.728111
0.872351
0.728597
0.785194
0.807792
0.765643
0.919216
0.771841
0.760861
0.806147
0.818858
0.856395
0.925878
0.874469
0.765611
0.923971
0.71451
0.852456
0.690557
0.653409
0.789708
0.862749
0.712628
0.896369
0.80818
0.906735
0.567534
0.93737
0.810695
0.933334
0.870838
0.818146
0.648889
0.867851
0.856086
0.851307
0.59379
0.868644
0.742149
0.874801
0.522029
0.894253
0.553285
0.762552
0.90148
0.628473
0.698228
0.907041
0.794804
0.703538
0.765383
0.793483
0.652151
0.922982
0.706913
0.643721
0.728399
0.813174
0.79965
0.874785
0.460357
0.749921
0.654727
0.61507
0.573355
0.806597
0.728939
0.877985
0.678823
0.918228
0.912551
0.582292
0.832402
0.567881
0.795502
0.892993
0.667135
0.834123
0.754148
0.521159
0.856643
0.788867
0.704357
0.738033
0.793819
0.681719
0.796252
0.843824
0.671829
0.550245
0.901289
0.620493
0.885614
0.805805
0.785472
0.793803
0.865037
0.736152
0.48806
0.547862
0.587411
0.675374
0.672322
0.489671
0.675986
0.562815
0.913432
0.73087
0.812993
0.607845
0.896533
0.825693
0.900174
0.648403
0.695443
0.785975
0.410152
0.777504
0.792256
0.603234
0.736562
0.825082
0.602966
0.737185
0.4304
0.637015
0.485607
0.752632
0.915739
0.423464
0.769305
0.66258
