0.391503
0.339543
0.317545
0.388736
0.397691
0.378881
0.359366
0.340194
0.372895
0.385431
0.399441
0.433467
0.404976
0.413757
0.380744
0.36388
0.353319
0.407005
0.408976
0.42297
0.408089
0.393642
0.390637
0.447507
0.398378
0.452845
0.462841
0.405701
0.440089
0.423731
0.43195
0.436311
0.423592
0.436007
0.423611
0.531139
0.428195
0.481732
0.420701
0.385945
0.430864
0.441943
0.491234
0.474467
0.425474
0.444499
0.46403
0.48945
0.431978
0.448371
0.496791
0.424373
0.470435
0.44371
0.413503
0.547864
0.492845
0.50006
0.533763
0.47104
0.451294
0.493002
0.543947
0.51654
0.486563
0.566523
0.499787
0.519512
0.595932
0.638903
0.584525
0.563138
0.564765
0.513569
0.585795
0.597927
0.628207
0.632128
0.649208
0.714568
0.620732
0.585461
0.61561
0.763833
0.718502
0.683633
0.688995
0.66981
0.79638
0.730627
0.722714
0.759848
0.869201
0.711543
0.647938
0.825464
0.816587
0.838645
0.807207
0.796643
0.82854
0.718038
0.78977
0.741936
0.823153
0.862887
0.809265
0.873291
0.799936
0.858318
0.848464
0.784376
0.828292
0.878146
0.920654
0.831898
0.755446
0.730623
0.632936
0.626212
0.738879
0.736123
0.775228
0.80473
0.82007
0.605467
0.732559
0.699721
0.752243
0.708972
0.779709
0.719023
0.587381
0.740741
0.72533
0.715781
0.694584
0.748388
0.70921
0.705441
0.835122
0.760131
0.787104
0.692715
0.578363
0.827443
0.615768
0.681667
0.644253
0.688538
0.776282
0.80043
0.834706
0.706502
0.759752
0.789769
0.79137
0.760634
0.724758
0.875266
0.711614
0.785877
0.473038
0.718043
0.840668
0.923784
0.762659
0.858348
0.620685
0.633589
0.790441
0.913171
0.770939
0.856795
0.816103
0.888232
0.736076
0.384864
0.589321
0.653884
0.527089
0.637639
0.750391
0.828363
0.639513
0.763704
0.832812
0.787631
0.622443
0.80616
0.839011
0.787241
0.930864
0.85888
0.60442
0.620441
0.657086
0.783357
0.728917
0.778924
0.921107
0.667542
0.728463
0.795923
0.72427
0.576238
0.538031
0.71014
0.856275
0.722852
0.70447
0.563028
0.791951
0.565025
0.865945
0.694187
0.782671
0.874752
0.502842
0.75359
0.884207
0.614041
0.853384
0.649527
0.484771
0.685416
0.692766
0.895095
0.686579
0.91945
0.912777
0.694438
0.575553
0.779484
0.922988
0.607804
0.846181
0.825705
0.736103
0.595453
0.529777
0.921136
0.810434
0.651679
0.613551
0.657463
0.693788
0.805486
0.905606
0.883569
0.806154
0.92028
0.624568
0.887179
0.444755
0.640438
0.894119
0.790821
0.650241
0.5507
0.922097
0.823785
0.698664
0.613029
0.438619
0.602657
0.792567
0.524012
0.857133
0.820528
0.763572
0.829123
0.879118
0.690391
0.776118
0.834021
0.734934
0.721709
0.935878
0.871019
0.620905
0.556452
0.620455
0.735004
0.538351
0.925205
0.713038
0.767756
0.601065
0.442621
0.923898
0.83956
0.769412
0.87444
0.657103
0.80855
