0.220122
0.234592
0.230723
0.236369
0.237569
0.234774
0.240807
0.224876
0.235135
0.241747
0.240558
0.236802
0.23218
0.226801
0.232434
0.233466
0.229457
0.235323
0.236648
0.219558
0.241208
0.236787
0.239984
0.239381
0.238233
0.243322
0.242839
0.237584
0.230857
0.231519
0.230582
0.233986
0.239189
0.238059
0.242297
0.240943
0.239864
0.236589
0.227273
0.22852
0.230112
0.236816
0.229964
0.235432
0.224868
0.233447
0.240524
0.237764
0.242654
0.239294
0.242966
0.23868
0.24088
0.232783
0.243034
0.235363
0.236772
0.233547
0.237769
0.237034
0.230331
0.235335
0.227794
0.241209
0.247837
0.247562
0.244876
0.240819
0.240855
0.241882
0.240098
0.240236
0.240918
0.242115
0.238143
0.243309
0.245681
0.231452
0.244828
0.247985
0.247367
0.242485
0.236829
0.242288
0.244397
0.237147
0.231764
0.23751
0.244876
0.2431
0.221994
0.231011
0.245564
0.245054
0.248797
0.244904
0.251745
0.24856
0.245528
0.245726
0.251731
0.246192
0.246992
0.249867
0.249822
0.24559
0.234599
0.244645
0.25025
0.248714
0.250077
0.23844
0.252698
0.240248
0.250535
0.253597
0.253417
0.239541
0.247563
0.248634
0.244035
0.232426
0.239124
0.242619
0.237314
0.254268
0.252418
0.243125
0.245766
0.247321
0.248116
0.254471
0.254027
0.236281
0.250123
0.245106
0.246782
0.244413
0.252048
0.253194
0.254719
0.263907
0.269153
0.265747
0.266004
0.257895
0.25928
0.247031
0.252112
0.250522
0.25014
0.252556
0.254767
0.263741
0.258071
0.274465
0.272151
0.266851
0.24516
0.262243
0.256811
0.252297
0.241377
0.259476
0.251706
0.269092
0.270961
0.272218
0.272112
0.273708
0.260929
0.26362
0.252281
0.267847
0.260767
0.266011
0.291494
0.275129
0.271871
0.276559
0.261148
0.271856
0.270675
0.27023
0.278691
0.285037
0.279872
0.289891
0.28592
0.276378
0.276175
0.280304
0.271667
0.27175
0.277156
0.279159
0.285235
0.292027
0.301985
0.298921
0.291093
0.27634
0.264419
0.282832
0.277714
0.280886
0.286393
0.308942
0.306256
0.284216
0.295732
0.286083
0.284823
0.275464
0.281163
0.309129
0.314431
0.300234
0.310006
0.296398
0.285514
0.299927
0.301351
0.313935
0.290658
0.318863
0.325659
0.309718
0.278365
0.298291
0.305494
0.304011
0.300573
0.302574
0.335562
0.301901
0.32975
0.32979
0.283239
0.295882
0.318669
0.326462
0.331457
0.324766
0.299975
0.332903
0.332751
0.302404
0.331382
0.302239
0.349191
0.318135
0.348533
0.342487
0.331459
0.336458
0.354127
0.341082
0.329215
0.340796
0.348065
0.316545
0.342603
0.346857
0.357338
0.313187
0.328298
0.358127
0.360602
0.32625
0.350677
0.362767
0.364821
0.357321
0.362969
0.370143
0.342972
0.317257
0.372112
0.356651
0.35084
0.316411
0.368008
0.382802
0.365491
0.359797
0.391362
0.343735
0.37338
0.38396
0.361024
0.349501
0.371713
0.375427
0.369016
0.374075
0.360229
0.395277
0.371479
0.346736
0.406824
0.376907
0.37814
0.322531
0.370746
0.439095
0.333009
0.405175
0.422237
0.392502
0.419959
0.448401
0.386905
0.387386
0.423854
0.405567
0.392543
0.4439
0.41605
0.415675
0.43681
0.440228
0.401014
0.466457
0.418953
0.435238
0.457174
0.40839
0.451517
0.386825
0.501711
0.445277
0.446389
0.441236
0.463989
0.432622
0.461802
0.48354
0.437378
0.475311
0.417669
0.466661
0.455258
0.469481
0.482135
0.472216
0.443284
0.434098
0.466351
0.502359
0.495736
0.418402
0.491909
0.456661
0.433887
0.48784
0.494382
0.52352
0.529156
0.578643
0.505386
0.54336
0.56928
0.465474
0.490382
0.521013
0.594575
0.509961
0.644849
0.594702
0.558855
0.659526
0.591503
0.583541
0.584104
0.594994
0.619258
0.577679
0.653258
0.552256
0.631022
0.596648
0.759359
0.706555
0.747267
0.604727
0.730156
0.730637
0.818999
0.740837
0.734734
0.678365
0.830785
0.81155
0.77905
0.779688
0.776128
0.835173
0.778694
0.844923
0.734598
0.763191
0.870625
0.79922
0.835133
0.874554
0.818556
0.829078
0.802006
0.849508
0.804042
0.843011
0.806966
0.873643
0.737997
0.836884
0.797941
0.724046
0.670381
0.681744
0.799677
0.793562
0.740032
0.803102
0.760297
0.615787
0.813595
0.706985
0.721514
0.726775
0.713629
0.74033
0.672175
0.731804
0.715383
0.71591
0.738845
0.752516
0.689239
0.693687
0.840785
0.787986
0.78634
0.692732
0.661915
0.806195
0.557344
0.669367
0.706545
0.822542
0.781171
0.79194
0.817556
0.714945
0.761468
0.808112
0.79113
0.827988
0.716822
0.867578
0.732165
0.779373
0.701631
0.874695
0.734217
0.929251
0.745276
0.860702
0.629772
0.672599
0.793751
0.903788
0.892552
0.856891
0.720427
0.889807
0.516408
0.636445
0.660086
0.748138
0.608996
0.739936
0.799227
0.75253
0.705239
0.736668
0.917491
0.772746
0.835214
0.653955
0.905845
0.797179
0.803503
0.811679
0.815891
0.566588
0.776922
0.540301
0.783381
0.880655
0.764937
0.575008
0.852468
0.770814
0.796449
0.520088
0.701481
0.67135
0.697612
0.548979
0.718732
0.922442
0.466266
0.916647
0.583975
0.8645
0.503351
0.806315
0.874924
0.866012
0.702082
0.740591
0.826293
0.686004
0.591353
0.67209
0.823721
0.885333
0.691569
0.76162
0.912268
0.742988
0.702064
0.5641
0.924206
0.895026
0.772798
0.749943
0.721443
0.802422
0.642435
0.792075
0.896389
0.88367
0.463804
0.910821
0.758607
0.830405
0.819947
0.668139
0.536185
0.830771
0.731296
0.566302
0.763943
0.586133
0.470757
0.672253
0.865579
0.703759
0.522863
0.540816
0.678822
0.858934
0.764582
0.814047
0.835871
0.709177
0.663189
0.920519
0.728449
0.485216
0.618763
0.54172
0.623014
0.855194
0.686982
0.668506
0.4736
0.925127
0.69302
0.501176
0.581136
0.734994
0.470111
0.652029
0.806064
0.653641
0.518123
0.743563
