0.292769
0.300184
0.29953
0.306577
0.250201
0.290087
0.283954
0.26702
0.291927
0.291366
0.315317
0.304181
0.294301
0.308856
0.291168
0.302402
0.298975
0.289459
0.315469
0.318776
0.299648
0.313431
0.313319
0.292345
0.308993
0.303881
0.311928
0.319517
0.327446
0.333347
0.31553
0.317128
0.272715
0.314764
0.308648
0.330394
0.338318
0.338455
0.336385
0.31521
0.336023
0.307395
0.325618
0.341185
0.348016
0.358059
0.350733
0.32945
0.331404
0.316883
0.346801
0.339802
0.338605
0.294346
0.307676
0.29004
0.340082
0.321651
0.360782
0.358527
0.37248
0.363926
0.359246
0.34162
0.349691
0.337807
0.357105
0.357824
0.347565
0.362371
0.355864
0.374272
0.355915
0.320632
0.3753
0.387019
0.37587
0.379472
0.381886
0.374648
0.342834
0.346174
0.352643
0.399104
0.420332
0.371435
0.395758
0.347793
0.368961
0.365165
0.400919
0.378088
0.35863
0.345833
0.372702
0.425518
0.368613
0.428712
0.424992
0.404457
0.41349
0.399177
0.361787
0.451835
0.397922
0.405804
0.390708
0.429793
0.409284
0.411704
0.395812
0.437734
0.42507
0.408616
0.407771
0.372147
0.365079
0.451851
0.395119
0.447896
0.422005
0.414822
0.480561
0.373093
0.427611
0.48473
0.413129
0.526083
0.404356
0.431664
0.46221
0.449877
0.516837
0.464719
0.473792
0.453505
0.457851
0.494408
0.397269
0.471161
0.449539
0.422589
0.426861
0.48496
0.434855
0.498327
0.5834
0.468492
0.428777
0.532908
0.419048
0.467271
0.48369
0.582922
0.487933
0.580806
0.554308
0.500535
0.610407
0.51145
0.54286
0.569774
0.564311
0.647474
0.580337
0.619514
0.645264
0.535699
0.578571
0.513781
0.6414
0.790561
0.631022
0.628198
0.788753
0.71338
0.608982
0.669754
0.654371
0.794183
0.697969
0.751092
0.700393
0.752238
0.718353
0.779426
0.840253
0.819145
0.71957
0.811845
0.790782
0.827523
0.760306
0.79958
0.816988
0.821238
0.875963
0.81077
0.829287
0.761764
0.842294
0.849867
0.802017
0.85239
0.826512
0.876197
0.790539
0.836736
0.723595
0.726678
0.647456
0.61584
0.762851
0.787473
0.782806
0.797566
0.808538
0.728742
0.802807
0.710762
0.751134
0.736249
0.705802
0.733545
0.585753
0.692477
0.69155
0.739513
0.727076
0.748259
0.670231
0.702237
0.839072
0.745155
0.814615
0.692747
0.643088
0.818616
0.614506
0.678713
0.676267
0.590973
0.688028
0.86722
0.761039
0.805069
0.787705
0.772785
0.878217
0.79137
0.820076
0.685574
0.874605
0.71928
0.77917
0.70056
0.881341
0.767626
0.912823
0.570329
0.845208
0.665238
0.647825
0.795795
0.900533
0.80795
0.878883
0.804555
0.903667
0.689521
0.835537
0.910583
0.643801
0.742018
0.797053
0.769711
0.832302
0.729573
0.694738
0.702316
0.745143
0.876889
0.600819
0.803466
0.772039
0.819508
0.636405
0.846336
0.741397
0.764477
0.883961
0.707175
0.732842
0.75759
0.806883
0.512567
0.701067
0.712802
0.644472
0.713044
0.806903
0.665333
0.780198
0.921569
0.91993
0.731499
0.900449
0.500885
0.817269
0.668614
0.876569
0.865691
0.680528
0.825219
0.905398
0.568647
0.831935
0.472464
0.79092
0.701861
0.754095
0.697353
0.599612
0.859039
0.736425
0.716891
0.621934
0.663571
0.79826
0.674299
0.794968
0.843876
0.77347
0.908931
0.456021
0.933242
0.612437
0.721915
0.683139
0.538282
0.62866
0.532001
0.638656
0.548986
0.823469
0.742798
0.542834
0.557348
0.536039
0.562409
0.582564
0.464642
0.857592
0.626776
0.742605
0.858479
0.883597
0.679705
0.776017
0.835271
0.643623
0.705991
0.723494
0.609435
0.607134
0.795012
0.855253
0.838312
0.412911
0.657508
0.752735
0.745649
0.521684
0.728661
0.665258
0.829433
0.572824
0.686114
