0.80479
0.773059
0.606981
0.812945
0.713622
0.75828
0.726547
0.788232
0.726165
0.566506
0.741222
0.701097
0.651742
0.740632
0.748075
0.713699
0.732036
0.717143
0.689914
0.786815
0.692725
0.67073
0.829874
0.622225
0.68226
0.70906
0.901956
0.781405
0.794755
0.834155
0.744554
0.769504
0.808995
0.790463
0.814277
0.722835
0.861391
0.67044
0.747433
0.558418
0.744381
0.83745
0.913931
0.71892
0.631545
0.710688
0.79344
0.850858
0.711431
0.873493
0.802384
0.92216
0.779793
0.498053
0.640241
0.497226
0.748419
0.509436
0.721752
0.820294
0.764195
0.813121
0.809283
0.916828
0.76697
0.741954
0.655248
0.930996
0.88738
0.586527
0.848189
0.901968
0.681858
0.543635
0.760308
0.920475
0.659736
0.852909
0.841451
0.814469
0.624196
0.538002
0.57335
0.728454
0.835236
0.751926
0.811368
0.478437
0.915761
0.500892
0.817462
0.486954
0.689012
0.728808
0.899699
0.668152
0.842223
0.590239
0.677136
0.922803
0.6955
0.916238
0.620765
0.664048
0.54389
0.868696
0.770328
0.813191
0.673548
0.730195
0.851531
0.686695
0.798109
0.843363
0.643857
0.513097
0.851637
0.620011
0.886927
0.431089
0.612246
0.726584
0.861217
0.868106
0.544001
0.716401
0.848457
0.696969
0.783411
0.670952
0.780361
0.558516
0.867273
0.806875
0.819937
0.771437
0.637194
0.729954
0.852663
0.623835
0.69913
0.744073
0.625921
0.737331
0.400858
0.738453
0.921236
0.60763
0.591356
0.728715
0.624715
0.736777
0.437484
0.718173
0.651547
0.780971
0.51635
0.521355
0.631218
0.915739
0.633753
0.502081
0.764782
