0.219926
0.212061
0.225655
0.220525
0.22335
0.222625
0.223223
0.22132
0.226256
0.220998
0.225348
0.214989
0.219112
0.214777
0.215694
0.219602
0.221712
0.216745
0.216056
0.217557
0.209478
0.215555
0.211626
0.220656
0.219537
0.221659
0.21143
0.219858
0.224916
0.2256
0.226222
0.223791
0.224391
0.213724
0.220321
0.218128
0.21693
0.22084
0.219559
0.210039
0.212654
0.214874
0.215878
0.213769
0.218897
0.221783
0.221175
0.210246
0.228211
0.226306
0.229183
0.227236
0.221005
0.226173
0.22637
0.21956
0.215031
0.225853
0.215307
0.218477
0.221084
0.222341
0.223592
0.223807
0.21989
0.221855
0.224144
0.224996
0.222886
0.220677
0.228294
0.220127
0.224393
0.227509
0.223017
0.219849
0.221153
0.218132
0.219864
0.219884
0.220981
0.226427
0.223179
0.226423
0.220942
0.223985
0.224331
0.212864
0.219888
0.210451
0.222158
0.221197
0.219712
0.221766
0.224014
0.22118
0.21585
0.220871
0.219921
0.214448
0.215272
0.214849
0.219385
0.221762
0.227094
0.219873
0.228444
0.224836
0.229411
0.215164
0.23255
0.23231
0.228438
0.2234
0.224601
0.222668
0.225145
0.226604
0.22308
0.224426
0.222618
0.234443
0.226137
0.22613
0.237061
0.235735
0.234351
0.224411
0.235057
0.233443
0.230076
0.228893
0.221393
0.22636
0.220439
0.223077
0.228873
0.225751
0.24057
0.234057
0.233366
0.22787
0.236014
0.232657
0.22582
0.228957
0.232477
0.23068
0.231204
0.23115
0.227789
0.236191
0.237603
0.236543
0.240945
0.222807
0.229918
0.236076
0.232112
0.2364
0.222189
0.235138
0.234589
0.236387
0.235915
0.225568
0.234402
0.2246
0.24108
0.240978
0.24143
0.235357
0.238322
0.243773
0.240525
0.238434
0.230794
0.232598
0.230746
0.237646
0.242401
0.231902
0.239527
0.242235
0.234518
0.243238
0.236952
0.240972
0.240234
0.229482
0.23649
0.240247
0.232542
0.235026
0.23691
0.221449
0.243384
0.2434
0.243444
0.243365
0.237008
0.240675
0.229992
0.238373
0.240847
0.235719
0.232365
0.24151
0.232132
0.236301
0.232765
0.237523
0.242089
0.245665
0.241776
0.247451
0.241709
0.229839
0.2243
0.245462
0.240717
0.23396
0.228716
0.239801
0.227496
0.244926
0.246275
0.244154
0.234311
0.247641
0.238773
0.241583
0.244064
0.231511
0.246598
0.24123
0.237002
0.240522
0.233188
0.240193
0.230179
0.239227
0.245306
0.229457
0.243507
0.251436
0.248917
0.245994
0.246218
0.250484
0.235533
0.222544
0.248214
0.246928
0.235928
0.244574
0.247308
0.231464
0.247401
0.250543
0.243762
0.246781
0.251749
0.250721
0.25159
0.254136
0.25328
0.247766
0.246186
0.245959
0.24326
0.233074
0.242773
0.242958
0.246988
0.252719
0.253557
0.253485
0.25348
0.254799
0.252908
0.236696
0.243245
0.245367
0.251673
0.249628
0.247771
0.242994
0.263234
0.258589
0.26511
0.26924
0.253344
0.262619
0.263197
0.246295
0.229579
0.251177
0.251261
0.250559
0.244411
0.249902
0.270928
0.271707
0.255136
0.261314
0.262009
0.258119
0.259254
0.252301
0.238516
0.261101
0.252348
0.272313
0.275305
0.276896
0.276419
0.259813
0.236499
0.258686
0.260206
0.251361
0.274189
0.264425
0.289784
0.262946
0.271805
0.250785
0.260769
0.270398
0.262834
0.274495
0.252755
0.284379
0.284036
0.287244
0.288439
0.285333
0.279231
0.266965
0.254428
0.270988
0.247227
0.289774
0.281847
0.285911
0.261822
0.287405
0.259105
0.270706
0.275555
0.28706
0.274918
0.277322
0.270036
0.267112
0.307279
0.301498
0.276058
0.288846
0.276646
0.259044
0.280666
0.307278
0.317361
0.319669
0.311872
0.290873
0.27735
0.301136
0.282048
0.289116
0.301453
0.313674
0.318834
0.318335
0.293938
0.321165
0.307931
0.303585
0.3109
0.31729
0.285127
0.298798
0.300433
0.317793
0.317993
0.315592
0.290601
0.308489
0.329466
0.316203
0.344804
0.340359
0.311857
0.338032
0.325106
0.328153
0.33902
0.348329
0.355783
0.35253
0.342068
0.310753
0.321791
0.347314
0.3203
0.345217
0.352778
0.361889
0.347399
0.334594
0.319731
0.357334
0.344864
0.36179
0.340659
0.313914
0.362647
0.337853
0.332015
0.315419
0.359796
0.373422
0.355637
0.365918
0.337733
0.367236
0.360908
0.312687
0.374054
0.378102
0.396564
0.356195
0.374223
0.358185
0.349668
0.328032
0.398817
0.414246
0.383855
0.378872
0.395031
0.367077
0.359654
0.384002
0.379112
0.350832
0.384258
0.395855
0.425554
0.395769
0.430335
0.42106
0.360509
0.417422
0.396612
0.396655
0.411878
0.401437
0.407261
0.336943
0.43544
0.419335
0.386236
0.439959
0.384994
0.409896
0.410921
0.428622
0.395473
0.453496
0.356051
0.354744
0.439295
0.434486
0.479419
0.372664
0.479819
0.435193
0.442926
0.454399
0.469015
0.401282
0.465706
0.443948
0.516624
0.467342
0.468455
0.470971
0.424133
0.484043
0.487032
0.442751
0.474799
0.446351
0.50241
0.500116
0.49559
0.450051
0.516982
0.494272
0.531827
0.48988
0.490421
0.552584
0.586525
0.454262
0.533258
0.545168
0.553203
0.540742
0.520838
0.568222
0.608805
0.638393
0.634998
0.576004
0.626077
0.640905
0.561874
0.597954
0.586637
0.595
0.611228
0.63113
0.696862
0.793448
0.644131
0.627348
0.632408
0.74735
0.679213
0.678764
0.66459
0.781272
0.729724
0.822513
0.753628
0.865064
0.763491
0.752657
0.776732
0.832666
0.758241
0.72323
0.876483
0.805673
0.828453
0.801199
0.870906
0.729871
0.817883
0.842923
0.815993
0.776894
0.830751
0.791642
0.847054
0.824134
0.843899
0.709058
0.829462
0.812061
0.830174
0.788718
0.760771
0.660936
0.616895
0.787033
0.741879
0.780007
0.818246
0.83844
0.717189
0.800024
0.704138
0.682435
0.745537
0.742056
0.741085
0.677635
0.864875
0.81624
0.849146
0.8038
0.849394
0.911325
0.904915
0.883423
0.856188
0.294287
0.838503
0.804137
0.797309
0.829008
0.630762
0.682614
0.644126
0.501609
0.683659
0.821266
0.729835
0.802876
0.795447
0.7796
0.918065
0.791477
0.782872
0.727425
0.864142
0.717266
0.786549
0.509448
0.711126
0.836986
0.929251
0.762525
0.847776
0.618518
0.652419
0.796163
0.834575
0.754794
0.715065
0.873869
0.813557
0.727248
0.572034
0.572093
0.492577
0.734299
0.930777
0.622826
0.797928
0.773161
0.809938
0.771286
0.917652
0.797158
0.746231
0.870658
0.878123
0.905923
0.665501
0.534816
0.848237
0.902508
0.539283
0.700841
0.912668
0.736152
0.686636
0.767916
0.799068
0.795732
0.538908
0.662031
0.567714
0.709441
0.931278
0.71989
0.476427
0.736313
0.917846
0.54591
0.696307
0.563608
0.740375
0.69122
0.86566
0.672458
0.925481
0.634296
0.582973
0.919877
0.649588
0.904743
0.756578
0.796904
0.870532
0.507693
0.89883
0.757772
0.795958
0.669304
0.745645
0.521351
0.896095
0.815072
0.88827
0.890188
0.698583
0.79328
0.802157
0.530674
0.873139
0.923753
0.714441
0.727662
0.667041
0.734599
0.655903
0.844785
0.661265
0.613486
0.73534
0.644117
0.580019
0.47799
0.790616
0.639365
0.931476
0.82722
0.833389
0.514043
0.835407
0.727585
0.418389
0.763001
0.928191
0.498195
0.604187
0.627637
0.796469
0.428997
0.669067
0.728733
0.81192
0.511483
0.686969
0.873363
0.831255
0.793324
0.53217
0.638264
0.619368
