0.828775
0.755181
0.82125
0.777765
0.839562
0.789186
0.771285
0.87802
0.826941
0.829904
0.740845
0.84818
0.802982
0.811739
0.824157
0.802733
0.836752
0.732894
0.728181
0.632065
0.661082
0.737522
0.754167
0.787137
0.801503
0.762786
0.720587
0.809965
0.646843
0.695052
0.747519
0.76372
0.666992
0.540087
0.692872
0.713373
0.752276
0.738607
0.753011
0.688474
0.740411
0.838906
0.755966
0.849933
0.701335
0.622316
0.692817
0.582302
0.66226
0.648362
0.69345
0.781405
0.762414
0.755967
0.838699
0.786592
0.772272
0.916514
0.796825
0.742918
0.726429
0.863853
0.714921
0.77599
0.408359
0.720239
0.834359
0.89729
0.789807
0.626011
0.66167
0.793472
0.899572
0.878942
0.864471
0.800575
0.887079
0.624122
0.521117
0.642554
0.774837
0.700298
0.802407
0.799601
0.77081
0.814133
0.730037
0.604023
0.700967
0.746263
0.874281
0.926067
0.859309
0.863148
0.590971
0.753784
0.556097
0.77907
0.751287
0.82609
0.645016
0.692856
0.680097
0.868463
0.914754
0.805397
0.851975
0.678354
0.721993
0.821637
0.653018
0.903386
0.453769
0.917846
0.609954
0.818938
0.633749
0.685417
0.918855
0.88551
0.645183
0.850926
0.920514
0.586422
0.915912
0.671412
0.836042
0.918358
0.654916
0.71204
0.567576
0.909244
0.891479
0.847931
0.709304
0.704357
0.573402
0.818476
0.794613
0.796943
0.704407
0.521637
0.505845
0.794668
0.914409
0.800824
0.806971
0.679886
0.459325
0.688524
0.663341
0.850999
0.729286
0.582477
0.780792
0.47055
0.863428
0.712966
0.543973
0.508303
0.885741
0.76424
0.820376
0.898332
0.690817
0.884006
0.786199
0.410095
0.768132
0.639039
0.619375
0.646472
0.602345
0.786849
0.448287
0.722308
0.750763
0.858022
0.468057
0.694405
0.716826
0.804603
0.880167
0.596777
0.666097
0.668634
