0.654896
0.702761
0.737468
0.671324
0.499847
0.71673
0.764587
0.747384
0.695664
0.679825
0.667792
0.792653
0.74739
0.731209
0.719257
0.710526
0.706378
0.634358
0.830323
0.778773
0.805638
0.827508
0.795902
0.797746
0.73919
0.778104
0.876469
0.725122
0.848011
0.831013
0.761447
0.826026
0.772934
0.774474
0.849163
0.816315
0.740564
0.800031
0.823259
0.816807
0.830214
0.756638
0.723168
0.674859
0.598667
0.76888
0.777948
0.777959
0.795209
0.807666
0.673648
0.802369
0.703307
0.756412
0.726805
0.780176
0.668541
0.587158
0.692477
0.71573
0.725205
0.740632
0.75358
0.66734
0.708042
0.820786
0.760184
0.787393
0.692732
0.645956
0.815273
0.631477
0.680826
0.706183
0.66497
0.682291
0.820767
0.745017
0.817917
0.805281
0.762803
0.898488
0.787296
0.82671
0.722448
0.873032
0.70236
0.789126
0.532295
0.763934
0.853074
0.915646
0.722058
0.614155
0.703978
0.791275
0.852084
0.715223
0.871202
0.850488
0.602361
0.568314
0.646012
0.82621
0.917983
0.695508
0.747296
0.800395
0.833234
0.869402
0.862916
0.854125
0.571277
0.700087
0.778076
0.87059
0.93057
0.82229
0.890292
0.58764
0.846243
0.9034
0.734516
0.638705
0.722559
0.90789
0.764785
0.877318
0.63813
0.710551
0.906672
0.654727
0.691237
0.689401
0.697312
0.789972
0.618622
0.780862
0.87849
0.514893
0.923404
0.542946
0.817525
0.469357
0.745059
0.881609
0.73096
0.77252
0.681294
0.549518
0.920268
0.705397
0.891269
0.834304
0.496571
0.754945
0.922772
0.84275
0.738361
0.727916
0.538354
0.888652
0.793283
0.734921
0.830311
0.556017
0.868363
0.820617
0.781764
0.612759
0.899482
0.519924
0.899652
0.74336
0.67325
0.517208
0.67513
0.644659
0.884986
0.712657
0.560106
0.918479
0.659143
0.759991
0.82494
0.698487
0.852393
0.627188
0.740618
0.724307
0.660831
0.619416
0.604898
0.708007
0.514079
0.758146
0.428434
0.697188
0.879317
0.619092
0.459065
0.904416
0.791865
0.876484
0.588419
0.494413
0.564602
