0.215728
0.216102
0.214716
0.212029
0.220518
0.224585
0.220289
0.221938
0.216703
0.224058
0.221849
0.227074
0.223136
0.224493
0.221143
0.220833
0.213652
0.221206
0.218846
0.221327
0.218951
0.216615
0.215975
0.219627
0.221459
0.223416
0.221278
0.217117
0.221917
0.221871
0.223641
0.229627
0.228077
0.230176
0.22283
0.218669
0.227123
0.222607
0.22565
0.222476
0.220486
0.223209
0.218422
0.223032
0.223251
0.221726
0.221707
0.224489
0.224026
0.226248
0.220609
0.220429
0.219471
0.224029
0.227472
0.225007
0.224775
0.223208
0.218202
0.21912
0.220885
0.22514
0.217614
0.223797
0.220021
0.222558
0.227703
0.221361
0.226757
0.227488
0.221218
0.220086
0.216883
0.222856
0.224458
0.220669
0.225235
0.220422
0.221055
0.221131
0.219615
0.210883
0.220312
0.218975
0.214222
0.217606
0.227141
0.228175
0.221887
0.233494
0.233789
0.217344
0.229714
0.228295
0.221292
0.227181
0.222662
0.227116
0.218134
0.223793
0.215457
0.216779
0.234172
0.231038
0.234462
0.234413
0.22684
0.236482
0.218588
0.232625
0.233534
0.229083
0.223127
0.226563
0.221193
0.225722
0.225581
0.226306
0.228252
0.226101
0.236799
0.238507
0.238321
0.23702
0.226771
0.227358
0.230577
0.231445
0.22949
0.22575
0.232297
0.230875
0.234678
0.222989
0.236904
0.237777
0.240809
0.240203
0.233231
0.232885
0.239517
0.23881
0.237682
0.223532
0.229186
0.233723
0.232018
0.235391
0.240477
0.237983
0.221436
0.225962
0.241879
0.241025
0.224876
0.242368
0.237296
0.243504
0.23876
0.237155
0.235749
0.233866
0.236769
0.241735
0.239331
0.244805
0.242666
0.235911
0.239176
0.242075
0.225214
0.227444
0.230665
0.23801
0.236502
0.234759
0.238728
0.240473
0.243063
0.237803
0.236289
0.234359
0.231588
0.238698
0.240142
0.237969
0.24102
0.229497
0.230719
0.23269
0.242637
0.237475
0.236238
0.241788
0.228301
0.230761
0.24074
0.237844
0.246625
0.235791
0.229547
0.230597
0.23755
0.241381
0.236992
0.23833
0.242753
0.245327
0.245559
0.24559
0.248045
0.243755
0.245243
0.239454
0.246217
0.231704
0.227196
0.237164
0.245076
0.238866
0.237378
0.23414
0.246473
0.249291
0.241426
0.240571
0.246789
0.241649
0.249721
0.242814
0.248013
0.230084
0.23859
0.247962
0.245209
0.24744
0.246415
0.24471
0.233456
0.24819
0.223892
0.2508
0.248973
0.250148
0.243529
0.248997
0.251722
0.255003
0.252832
0.24808
0.240449
0.24844
0.245562
0.236371
0.233483
0.243689
0.242622
0.241965
0.254431
0.237419
0.247606
0.26086
0.253415
0.2544
0.247559
0.253194
0.247496
0.242755
0.251976
0.243327
0.254179
0.249797
0.249577
0.269162
0.258868
0.256287
0.247855
0.261877
0.25328
0.237129
0.250845
0.250994
0.249954
0.250031
0.271954
0.257604
0.259637
0.246268
0.262339
0.254089
0.244158
0.253993
0.258834
0.246033
0.272133
0.280094
0.248921
0.271574
0.271571
0.274987
0.262899
0.250137
0.263247
0.260942
0.26849
0.250244
0.266394
0.270816
0.253107
0.275247
0.271465
0.267461
0.266207
0.259085
0.273272
0.284535
0.264225
0.262391
0.295819
0.2617
0.276984
0.251596
0.26666
0.253382
0.274595
0.279847
0.288814
0.262733
0.300803
0.268303
0.291102
0.267906
0.256982
0.283287
0.27737
0.274984
0.290694
0.300184
0.308455
0.2999
0.291315
0.272085
0.282916
0.261166
0.283861
0.315762
0.312535
0.298852
0.3053
0.291733
0.29581
0.301033
0.300722
0.305626
0.305921
0.330473
0.303793
0.316204
0.305946
0.299317
0.309451
0.304901
0.312204
0.329207
0.296916
0.325197
0.322991
0.290518
0.31892
0.320642
0.340307
0.324919
0.318081
0.334177
0.310791
0.312932
0.333198
0.316681
0.330063
0.34684
0.35994
0.329824
0.336273
0.339048
0.344845
0.30764
0.344583
0.335629
0.323221
0.348623
0.336776
0.346023
0.334946
0.353262
0.339943
0.355973
0.360351
0.358369
0.342529
0.363107
0.338389
0.360947
0.339195
0.364924
0.368837
0.345875
0.367762
0.345542
0.369719
0.321655
0.38602
0.374364
0.345139
0.339883
0.33199
0.37754
0.346997
0.337764
0.39889
0.409373
0.384019
0.392344
0.316778
0.393261
0.400773
0.383821
0.405846
0.402956
0.372143
0.428214
0.398766
0.407619
0.405851
0.399962
0.390176
0.34801
0.406775
0.430298
0.381821
0.416447
0.376211
0.380812
0.411229
0.426057
0.402699
0.438146
0.417579
0.423627
0.39888
0.46153
0.435322
0.410526
0.413531
0.482703
0.40189
0.433343
0.42889
0.37722
0.494239
0.407824
0.476664
0.382185
0.486476
0.416552
0.4234
0.424644
0.422888
0.488886
0.441701
0.436857
0.442005
0.438895
0.502673
0.471458
0.501657
0.419432
0.572908
0.517144
0.496032
0.546549
0.486554
0.52512
0.549436
0.468156
0.525708
0.54053
0.580588
0.562701
0.482889
0.545127
0.590972
0.498673
0.632809
0.597959
0.587367
0.581914
0.645329
0.524136
0.587193
0.649072
0.576878
0.52252
0.594542
0.710355
0.706036
0.607269
0.783134
0.728944
0.700295
0.603946
0.650644
0.723832
0.785177
0.819174
0.699831
0.834946
0.712189
0.820247
0.843607
0.785365
0.716623
0.827368
0.817633
0.837499
0.774277
0.875655
0.779474
0.838225
0.867561
0.770357
0.763392
0.895725
0.770332
0.849317
0.838511
0.829961
0.796281
0.835307
0.832121
0.798395
0.730475
0.66935
0.591328
0.789964
0.792215
0.781158
0.804882
0.801008
0.719695
0.81354
0.706644
0.728278
0.735577
0.752076
0.742571
0.605499
0.742507
0.695003
0.685646
0.736701
0.759289
0.652288
0.712195
0.837483
0.663062
0.786365
0.692905
0.578909
0.827663
0.631782
0.650453
0.638977
0.493226
0.689483
0.815672
0.728617
0.836843
0.809626
0.762304
0.915915
0.797312
0.803445
0.721522
0.872215
0.714914
0.782539
0.702772
0.877703
0.74924
0.930026
0.915679
0.729415
0.6131
0.628036
0.792574
0.892999
0.715921
0.900407
0.851257
0.547517
0.702484
0.915453
0.684743
0.713425
0.732749
0.886297
0.751608
0.80871
0.732881
0.69843
0.77212
0.81345
0.665759
0.864266
0.846164
0.806531
0.524109
0.796729
0.562838
0.77639
0.567583
0.769177
0.888452
0.793031
0.67827
0.752619
0.644066
0.907908
0.633208
0.499775
0.571062
0.71987
0.684218
0.931573
0.921654
0.461961
0.770127
0.597681
0.618835
0.789852
0.49016
0.716268
0.875241
0.859567
0.680789
0.817635
0.919584
0.769675
0.63552
0.650461
0.902001
0.701857
0.857793
0.918027
0.712466
0.841982
0.816698
0.497749
0.902186
0.751915
0.814714
0.695835
0.71561
0.562487
0.699268
0.900304
0.757611
0.818993
0.697714
0.569466
0.924464
0.621087
0.872049
0.555151
0.639819
0.852542
0.786908
0.694163
0.625754
0.731451
0.894654
0.756665
0.669296
0.557787
0.448284
0.885578
0.666911
0.628992
0.850171
0.667138
0.795105
0.83857
0.531186
0.865803
0.742328
0.740756
0.809328
0.685102
0.718766
0.58799
0.634481
0.663185
0.429258
0.718108
0.756528
0.65764
0.593651
0.845951
0.84917
0.786799
0.857214
0.579664
0.69739
0.584539
