0.693338
0.745043
0.714671
0.750479
0.653272
0.710919
0.813447
0.76181
0.786715
0.692732
0.633405
0.821542
0.637806
0.659663
0.638542
0.830034
0.798637
0.80417
0.743117
0.725965
0.755373
0.773013
0.79137
0.767711
0.730077
0.864127
0.714642
0.662937
0.554486
0.712501
0.853397
0.910305
0.751992
0.845988
0.681346
0.639136
0.786352
0.870839
0.716515
0.904534
0.802273
0.901506
0.779952
0.385586
0.560739
0.636137
0.909975
0.929723
0.535027
0.626462
0.875701
0.778781
0.760825
0.769218
0.735109
0.801306
0.930925
0.816334
0.47743
0.715533
0.577916
0.541386
0.820688
0.876381
0.719014
0.763623
0.790247
0.808608
0.645315
0.801329
0.566994
0.699853
0.84255
0.897039
0.653658
0.671512
0.883741
0.581868
0.84654
0.599339
0.889313
0.65066
0.629424
0.682458
0.611928
0.782458
0.918991
0.48999
0.700032
0.885167
0.883277
0.82305
0.685256
0.716063
0.90377
0.754542
0.906544
0.862589
0.663825
0.888769
0.562413
0.876683
0.610875
0.919397
0.725063
0.64957
0.742894
0.908254
0.583731
0.651359
0.710801
0.918698
0.772533
0.545657
0.435651
0.478368
0.87816
0.697888
0.569087
0.546209
0.677481
0.805464
0.857526
0.776847
0.864735
0.792546
0.405782
0.770746
0.608969
0.61626
0.66313
0.689454
0.430844
0.594832
0.915539
0.541538
0.723435
0.651202
0.508865
0.669594
