0.752262
0.880452
0.622688
0.821133
0.777168
0.820795
0.614056
0.833078
0.922997
0.601112
0.872799
0.890342
0.82836
0.513368
0.683241
0.903629
0.827506
0.567238
0.66995
0.580836
0.693635
0.798099
0.704998
0.635267
0.916245
0.628584
0.864702
0.822877
0.660318
0.797537
0.753063
0.725702
0.919247
0.675643
0.672719
0.530759
0.574113
0.735814
0.911822
0.705481
0.57688
0.908882
0.897494
0.864468
0.690809
0.776598
0.794004
0.922648
0.717698
0.461523
0.620168
0.618503
0.575981
0.663543
0.632804
0.724021
0.873217
0.695749
0.745363
0.686738
0.770696
0.875029
0.56657
