0.476105
0.729662
0.894524
0.612317
0.479249
0.753569
0.675897
0.667545
0.843957
0.68759
0.623968
0.826483
0.671643
0.915565
0.482458
0.901823
0.592932
0.921653
0.814848
0.634486
0.733784
0.864482
0.666836
0.740038
0.890819
0.933543
0.38956
0.811121
0.918665
0.683045
0.834806
0.787593
0.893492
0.57307
0.713695
0.499268
0.676078
0.660568
0.761293
0.671411
0.576245
0.860317
0.783706
0.773241
0.84717
0.874056
0.812432
0.824966
0.787956
0.681033
0.913489
0.759931
0.926295
0.654633
0.620921
0.843454
0.663639
0.511571
0.673625
0.590029
0.688124
0.476616
0.476522
0.60648
0.926527
0.65395
0.850494
0.773244
0.680812
