0.788675
0.916602
0.767425
0.74643
0.834414
0.880257
0.538456
0.55884
0.58743
0.79477
0.57133
0.49018
0.865527
0.898959
0.734531
0.654824
0.852468
0.807966
0.805994
0.693384
0.650902
0.711631
0.57014
0.707237
0.777202
0.755452
0.782373
0.708265
0.733635
0.917798
0.528941
0.626143
0.887279
0.723456
0.44309
0.295761
0.745139
0.873953
0.730678
0.780799
0.836009
0.667408
0.578757
0.82136
0.929049
0.454666
0.756009
0.911921
0.731371
0.698066
0.562053
0.610062
0.513642
0.749335
0.927313
0.874556
0.681665
0.775714
0.656658
0.552761
0.92137
0.620757
0.890932
0.802817
0.568292
0.817866
0.787693
0.902751
0.690933
0.884867
0.604647
0.931765
0.753786
0.698719
0.466817
0.823954
0.780559
0.634516
0.853813
0.74906
0.843639
0.748107
0.84577
0.683861
0.496966
0.848673
0.858276
0.416115
0.737104
0.657076
0.744806
0.750308
0.750647
0.847554
0.778448
0.430734
0.712921
0.628143
0.531057
0.583916
0.540466
0.864867
0.832107
0.913282
0.854116
0.513712
0.698807
