0.206253
0.209833
0.210494
0.208134
0.207975
0.205873
0.201809
0.202962
0.20131
0.200935
0.203411
0.201458
0.199601
0.199219
0.199148
0.196318
0.199951
0.196459
0.195769
0.195766
0.194562
0.194899
0.195978
0.193181
0.193284
0.194989
0.19716
0.199099
0.204455
0.206358
0.205762
0.20886
0.206142
0.205194
0.204873
0.20454
0.207343
0.205393
0.210014
0.209931
0.208316
0.20922
0.210998
0.2097
0.208035
0.202657
0.200852
0.198802
0.199436
0.196111
0.196828
0.202333
0.201489
0.205916
0.203882
0.199427
0.197358
0.194792
0.195457
0.194801
0.194592
0.194589
0.19636
