0.780109
0.894585
0.664201
0.645872
0.929522
0.662279
0.746407
0.797734
0.748833
0.819748
0.733933
0.737015
0.791112
0.74577
0.86952
0.931181
0.555929
0.63564
0.593729
0.820898
0.552719
0.608123
0.629255
0.695132
0.85614
0.68352
0.648806
0.823145
0.644251
0.90612
0.673113
0.734908
0.673441
0.709657
0.745577
0.705504
0.391229
0.671526
0.505402
0.8752
0.788514
0.873227
0.435743
0.670214
0.886899
0.696905
0.789726
0.635666
0.58168
0.799228
0.92184
0.614508
0.7049
0.779492
0.873149
0.889397
0.635107
0.714197
0.754815
0.838321
0.927077
0.789843
0.681596
0.783087
0.614535
0.847615
0.792267
0.608154
0.808124
0.596835
0.735443
0.588438
0.582326
0.690277
0.646402
0.716887
0.672023
0.590363
0.664793
0.685259
0.866657
0.699594
0.772206
0.586996
0.631791
0.865828
0.892386
0.826077
0.849222
0.727511
0.720301
0.923488
0.87514
0.619986
0.648956
0.849156
0.417631
0.66768
0.695473
0.805379
0.609489
0.729314
0.651202
0.885352
0.704251
0.653566
0.589938
