0.242549
0.241851
0.242256
0.234471
0.241654
0.24087
0.2387
0.236239
0.225327
0.226935
0.235137
0.239519
0.237442
0.236617
0.229458
0.242373
0.237757
0.237319
0.243361
0.237244
0.240366
0.232952
0.239597
0.235411
0.233256
0.236398
0.239009
0.235997
0.24131
0.228812
0.242248
0.23786
0.248075
0.242693
0.240922
0.245317
0.240711
0.24118
0.232811
0.231262
0.235793
0.244382
0.24815
0.244211
0.247959
0.250257
0.244997
0.238006
0.243334
0.244496
0.244661
0.229219
0.237823
0.238662
0.245985
0.232435
0.243278
0.243269
0.24553
0.246662
0.234328
0.234336
0.248253
0.250237
0.247506
0.24535
0.244302
0.233252
0.250252
0.247429
0.246933
0.233135
0.249489
0.250084
0.243419
0.224044
0.246969
0.244837
0.246844
0.245277
0.246174
0.251922
0.252761
0.252637
0.258052
0.249653
0.252484
0.248793
0.244732
0.24482
0.240126
0.244461
0.239612
0.227807
0.248238
0.25491
0.246045
0.254731
0.247655
0.251986
0.254919
0.247567
0.243995
0.251783
0.245209
0.24655
0.258673
0.260257
0.268664
0.255459
0.256843
0.260992
0.245518
0.238724
0.249586
0.246179
0.250324
0.269936
0.27319
0.266555
0.269403
0.251446
0.244113
0.25447
0.257607
0.24687
0.234702
0.257039
0.263016
0.275263
0.26588
0.275735
0.273678
0.263509
0.249448
0.234204
0.258438
0.260221
0.270911
0.274349
0.277235
0.272823
0.282179
0.258862
0.274752
0.272392
0.241738
0.248078
0.276677
0.281193
0.291416
0.290895
0.278954
0.288907
0.282766
0.27511
0.256316
0.252938
0.271408
0.242649
0.280906
0.295278
0.285986
0.277013
0.282972
0.276431
0.279411
0.283807
0.28362
0.279979
0.282363
0.282542
0.31032
0.29702
0.302022
0.283291
0.281087
0.28125
0.283636
0.291927
0.289162
0.315896
0.309036
0.305683
0.295487
0.302974
0.29487
0.303487
0.302428
0.299538
0.315553
0.325734
0.313617
0.308787
0.309059
0.287732
0.308957
0.310048
0.291064
0.323248
0.298329
0.311505
0.329679
0.321085
0.311014
0.319375
0.324282
0.336137
0.336961
0.343652
0.337949
0.336203
0.333223
0.331638
0.320071
0.3101
0.293539
0.349956
0.324904
0.333714
0.341814
0.334497
0.350764
0.345312
0.337915
0.355232
0.341673
0.280568
0.333159
0.347632
0.353642
0.325023
0.35979
0.352758
0.360544
0.326033
0.353587
0.322996
0.338104
0.361121
0.371774
0.366335
0.360308
0.363958
0.343126
0.325317
0.333699
0.385257
0.354729
0.350683
0.385498
0.352424
0.367777
0.350717
0.340518
0.369571
0.35417
0.418184
0.38214
0.398105
0.389297
0.358695
0.345602
0.378067
0.403709
0.410547
0.39875
0.354656
0.416304
0.39068
0.429428
0.377279
0.396468
0.415368
0.374573
0.45648
0.411565
0.425714
0.392524
0.418042
0.451244
0.424478
0.390581
0.401507
0.435208
0.45479
0.447064
0.393746
0.370941
0.424391
0.404095
0.448378
0.428813
0.447415
0.468545
0.479062
0.430074
0.48128
0.435472
0.516723
0.431157
0.459062
0.42538
0.523236
0.458703
0.433237
0.424185
0.465113
0.449734
0.45399
0.437416
0.458638
0.486859
0.495321
0.509452
0.457112
0.507491
0.499836
0.444517
0.496978
0.478378
0.520077
0.571353
0.48723
0.538291
0.571086
0.559747
0.500749
0.505525
0.578336
0.484826
0.636962
0.63347
0.582455
0.563489
0.507584
0.632769
0.59882
0.647643
0.554178
0.593384
0.557729
0.712177
0.767293
0.686694
0.599243
0.576828
0.758987
0.698574
0.659817
0.667768
0.746196
0.72907
0.764812
0.870777
0.724354
0.75097
0.763485
0.830704
0.80212
0.795981
0.791219
0.779665
0.83728
0.714778
0.773994
0.82638
0.705078
0.85351
0.852043
0.814288
0.855491
0.796252
0.745661
0.849867
0.825743
0.831794
0.809426
0.832756
0.815985
0.726866
0.759318
0.673844
0.576736
0.795651
0.790526
0.748787
0.808087
0.822185
0.706235
0.814192
0.710822
0.697306
0.742207
0.784938
0.664654
0.552888
0.706603
0.694237
0.742394
0.714218
0.752056
0.714363
0.692729
0.7037
0.759934
0.788804
0.692863
0.540277
0.817008
0.637246
0.652349
0.637578
0.68583
0.775722
0.811522
0.737121
0.728855
0.770742
0.783494
0.796922
0.811472
0.669854
0.873543
0.722201
0.753804
0.857142
0.751689
0.843076
0.760246
0.740721
0.854547
0.614174
0.629692
0.788006
0.812494
0.784564
0.790023
0.792625
0.869088
0.488082
0.607298
0.659018
0.787494
0.93215
0.658131
0.834542
0.747372
0.797371
0.860771
0.635116
0.775659
0.815336
0.870571
0.880492
0.762921
0.524409
0.587542
0.679467
0.896789
0.763647
0.907714
0.667082
0.732779
0.777166
0.725379
0.81716
0.849775
0.651163
0.710507
0.802675
0.894389
0.920811
0.909359
0.723285
0.551962
0.563083
0.854293
0.532798
0.774544
0.87412
0.881202
0.644414
0.824814
0.922304
0.588929
0.674369
0.586972
0.708396
0.919448
0.906436
0.89314
0.515135
0.756286
0.517035
0.712127
0.923142
0.75306
0.760402
0.730347
0.580918
0.609309
0.668428
0.755011
0.693223
0.613999
0.544922
0.778785
0.65907
0.681672
0.809146
0.538372
0.830771
0.499699
0.685763
0.725744
0.665108
0.492314
0.536539
0.470289
0.718009
0.712264
0.50038
0.694522
0.59856
0.669467
0.84667
0.626555
0.627565
0.896214
0.415959
0.920875
0.84358
0.664857
0.601276
0.915249
0.420171
0.6575
0.866244
0.46247
0.684778
0.915739
0.420284
0.544129
0.532448
0.662514
