0.19431
0.196113
0.196987
0.198404
0.199447
0.195462
0.197287
0.195005
0.195597
0.194644
0.197469
0.199658
0.196337
0.197816
0.197184
0.199067
0.199552
0.200617
0.203908
0.20854
0.206782
0.207837
0.210041
0.209888
0.209023
0.21075
0.213473
0.211014
0.205177
0.202687
0.206386
0.203979
0.20231
0.200438
0.201571
0.200133
0.196254
0.195627
0.196838
0.195475
0.198904
0.196218
0.196176
0.19513
0.198458
0.199958
0.201906
0.20362
0.20608
0.204372
0.207988
0.207874
0.211914
0.209273
0.216041
0.211609
0.207806
0.212076
0.211411
0.208509
0.213153
0.210828
0.211331
0.201161
0.199513
0.197771
0.197301
0.197741
