0.779607
0.726266
0.637471
0.569358
0.755211
0.779837
0.780223
0.818375
0.807923
0.610066
0.802807
0.71079
0.698332
0.728697
0.751257
0.664225
0.642749
0.668405
0.712846
0.742645
0.721365
0.761658
0.712064
0.702818
0.83892
0.757427
0.802964
0.702187
0.623393
0.811442
0.643227
0.681998
0.638578
0.658905
0.787541
0.858838
0.756673
0.792699
0.804703
0.776572
0.914629
0.900649
0.889307
0.797338
0.818324
0.856424
0.913886
0.699002
0.877976
0.776142
0.933416
0.723866
0.845208
0.647523
0.654617
0.796163
0.920751
0.871117
0.86592
0.779444
0.885337
0.776927
0.379437
0.423738
0.642554
0.929084
0.644713
0.745033
0.819645
0.752138
0.830078
0.737035
0.91601
0.784822
0.757351
0.87085
0.881457
0.881528
0.919907
0.778198
0.63367
0.504668
0.883403
0.560418
0.732261
0.902671
0.725119
0.653294
0.838731
0.79381
0.772166
0.504842
0.792422
0.568742
0.915096
0.514943
0.801054
0.708284
0.653707
0.744556
0.664816
0.473201
0.826019
0.868551
0.414131
0.412126
0.772043
0.888357
0.892608
0.682332
0.712243
0.91126
0.584668
0.831459
0.911048
0.922997
0.70171
0.799669
0.918366
0.81347
0.734127
0.883238
0.861829
0.501572
0.63167
0.92311
0.781177
0.759717
0.580168
0.853861
0.702744
0.863657
0.785309
0.784712
0.713177
0.577539
0.854018
0.546354
0.877897
0.829797
0.800891
0.708534
0.762521
0.519334
0.682761
0.72965
0.674136
0.474967
0.674016
0.518699
0.853547
0.807757
0.762483
0.850298
0.8623
0.920693
0.754854
0.708865
0.679136
0.907547
0.74203
0.482654
0.578144
0.83333
0.62092
0.67959
0.611905
0.758221
0.448038
0.65906
0.754928
0.511003
0.691521
0.496772
0.574838
0.830801
0.802419
0.606273
