0.859621
0.715346
0.756225
0.880184
0.544999
0.729865
0.915171
0.841541
0.713841
0.917117
0.863509
0.678838
0.791847
0.571284
0.801382
0.461225
0.871416
0.842322
0.456054
0.844761
0.803179
0.628385
0.511904
0.666948
0.845162
0.61821
0.751107
0.849013
0.682706
0.858114
0.706517
0.703056
0.846386
0.677787
0.858556
0.844923
0.818405
0.915246
0.698835
0.808115
0.418025
0.684282
0.799698
0.695434
0.738844
0.870859
0.856793
0.857746
0.697542
0.697767
0.908356
0.726163
0.80495
0.717862
0.746484
0.57181
