0.366617
0.361896
0.351999
0.330629
0.322181
0.359993
0.372789
0.352583
0.383571
0.342482
0.357404
0.35759
0.372116
0.325166
0.344136
0.42521
0.386639
0.394037
0.378805
0.375161
0.380843
0.3635
0.400378
0.379742
0.369163
0.383599
0.399441
0.437585
0.394959
0.41079
0.400832
0.398068
0.45737
0.394165
0.402156
0.399156
0.410185
0.446549
0.417868
0.432538
0.391626
0.433078
0.416183
0.358031
0.389854
0.381287
0.444566
0.438716
0.447682
0.39966
0.481016
0.378259
0.494498
0.428453
0.445896
0.448552
0.460517
0.485847
0.419537
0.466585
0.444142
0.488528
0.360103
0.469924
0.474291
0.440229
0.457128
0.447233
0.436663
0.450279
0.461761
0.499554
0.508792
0.462821
0.506102
0.47401
0.515826
0.428453
0.500094
0.454753
0.535211
0.563052
0.476516
0.504627
0.566428
0.504922
0.487967
0.508567
0.513286
0.496851
0.644551
0.569888
0.619488
0.652921
0.531469
0.606166
0.606908
0.562546
0.525822
0.554049
0.70325
0.749995
0.661197
0.536086
0.592822
0.79061
0.744059
0.69189
0.596814
0.657079
0.769868
0.754845
0.744791
0.693223
0.754903
0.679504
0.759575
0.780726
0.839106
0.77737
0.691769
0.811845
0.787275
0.781077
0.668553
0.793116
0.789476
0.848011
0.867974
0.811018
0.875337
0.788871
0.848423
0.839126
0.80724
0.796219
0.844899
0.830376
0.791302
0.735896
0.659751
0.592176
0.737198
0.77965
0.746698
0.748516
0.854325
0.624429
0.816961
0.71254
0.678839
0.764306
0.702259
0.741028
0.587827
0.732037
0.718931
0.716585
0.694055
0.747708
0.670922
0.693091
0.835567
0.759579
0.792661
0.692732
0.587453
0.82687
0.640903
0.670321
0.709807
0.777839
0.77509
0.804021
0.816269
0.729604
0.770115
0.78571
0.787806
0.823135
0.720663
0.87177
0.715167
0.787945
0.733464
0.882785
0.667456
0.929172
0.594766
0.851555
0.682343
0.645494
0.792549
0.925977
0.882133
0.854695
0.78329
0.885096
0.606253
0.586089
0.636335
0.739656
0.637266
0.932541
0.933266
0.880835
0.62538
0.72599
0.812585
0.783492
0.541293
0.886097
0.74416
0.873369
0.925926
0.784003
0.808826
0.440458
0.800914
0.872076
0.591381
0.764193
0.920023
0.655452
0.684617
0.819056
0.767477
0.914456
0.542502
0.88137
0.873323
0.742923
0.709809
0.639496
0.674026
0.708277
0.801722
0.569892
0.78105
0.411243
0.728689
0.611344
0.473727
0.808622
0.415223
0.465169
0.773432
0.878177
0.654325
0.8032
0.925647
0.539449
0.883239
0.683772
0.756637
0.686364
0.481788
0.816552
0.538878
0.900942
0.922152
0.812873
0.626955
0.580341
0.679295
0.839419
0.806749
0.807947
0.541546
0.923537
0.619764
0.852447
0.64901
0.634347
0.9029
0.922997
0.713277
0.787421
0.664249
0.711701
0.736517
0.761873
0.552611
0.616091
0.601173
0.921615
0.712673
0.504902
0.849567
0.679389
0.900558
0.833669
0.805367
0.61738
0.743802
0.682948
0.870668
0.659786
0.408622
0.752445
0.935638
0.522576
0.546833
0.697073
0.63692
0.402786
0.70831
0.701097
0.89431
0.578808
0.62574
0.697836
0.804912
0.625103
0.500725
