0.336789
0.342822
0.33392
0.314236
0.312548
0.326579
0.316551
0.336867
0.342337
0.351585
0.354223
0.32348
0.334314
0.314135
0.332173
0.333561
0.350658
0.350758
0.363214
0.349922
0.350024
0.346029
0.35613
0.334028
0.358349
0.371395
0.364321
0.339023
0.348904
0.326825
0.351805
0.33991
0.369219
0.35164
0.329031
0.370037
0.337681
0.362807
0.375629
0.346775
0.375611
0.345104
0.340249
0.357968
0.371651
0.34102
0.375993
0.325482
0.373373
0.383364
0.346549
0.318219
0.3993
0.376856
0.380082
0.404428
0.345037
0.400003
0.405079
0.388936
0.431185
0.406288
0.410928
0.390225
0.3769
0.375343
0.40033
0.426625
0.408693
0.371134
0.393851
0.416014
0.394732
0.434936
0.404631
0.328361
0.380691
0.431404
0.454975
0.390816
0.448007
0.415009
0.459206
0.383043
0.486052
0.441047
0.482982
0.440945
0.474022
0.32185
0.485356
0.442989
0.523318
0.432274
0.462203
0.454879
0.469579
0.445725
0.481191
0.477034
0.456783
0.460004
0.437912
0.428409
0.499562
0.472118
0.503269
0.422414
0.517207
0.379142
0.515803
0.47904
0.499485
0.488487
0.552731
0.488955
0.539869
0.575136
0.531387
0.50162
0.521248
0.622834
0.461367
0.636059
0.610832
0.571286
0.625716
0.585463
0.58981
0.629947
0.540113
0.579384
0.514673
0.656365
0.571188
0.657433
0.541189
0.790572
0.685143
0.708631
0.51172
0.662858
0.792589
0.706911
0.772982
0.785101
0.707345
0.733663
0.698148
0.796411
0.839145
0.814121
0.718238
0.770105
0.86952
0.810854
0.811503
0.7126
0.778798
0.871894
0.727859
0.818045
0.780514
0.883172
0.824969
0.873936
0.773116
0.849317
0.822114
0.835644
0.828134
0.871529
0.927335
0.809049
0.764254
0.745108
0.633019
0.636203
0.795234
0.783892
0.740823
0.816592
0.763851
0.603782
0.801313
0.688379
0.753764
0.715576
0.785136
0.652277
0.68531
0.694346
0.723136
0.740626
0.742824
0.775361
0.695034
0.711604
0.835587
0.621684
0.786765
0.692768
0.66494
0.814449
0.600014
0.672046
0.659675
0.505221
0.810435
0.860651
0.732264
0.80918
0.804548
0.761916
0.918257
0.677631
0.767223
0.716409
0.87066
0.707558
0.787326
0.751021
0.874681
0.766258
0.902181
0.605004
0.845279
0.663575
0.630479
0.795664
0.916011
0.873352
0.854736
0.817418
0.885381
0.567703
0.733176
0.765907
0.925639
0.745001
0.811555
0.751933
0.814133
0.783396
0.704399
0.763857
0.773896
0.870359
0.852273
0.890967
0.410101
0.635479
0.87975
0.618208
0.553609
0.721729
0.870874
0.749702
0.679932
0.667943
0.726972
0.905528
0.673185
0.721174
0.906063
0.907613
0.882493
0.790833
0.715334
0.639485
0.657587
0.603037
0.7704
0.559288
0.921332
0.447335
0.614963
0.644608
0.870881
0.404901
0.866233
0.682046
0.753153
0.708842
0.900853
0.715571
0.645763
0.594269
0.864347
0.917176
0.762623
0.830988
0.886429
0.804447
0.697675
0.764333
0.841143
0.616482
0.746403
0.850957
0.678628
0.79865
0.633884
0.654384
0.888313
0.635816
0.610124
0.655954
0.605778
0.667767
0.652274
0.770458
0.69516
0.673533
0.702322
0.662479
0.467276
0.671247
0.463973
0.817929
0.66797
0.710435
0.751962
0.660224
0.860354
0.480709
0.9033
0.740734
0.8944
0.512425
0.675272
0.482451
0.752127
0.748657
0.803323
0.856237
0.902857
0.741344
0.918238
0.543423
0.58392
0.558355
0.722133
0.880274
0.522007
0.676318
0.491134
0.746716
