0.300391
0.31312
0.318757
0.302041
0.290135
0.312489
0.262395
0.269807
0.311741
0.31169
0.311681
0.3297
0.328927
0.329348
0.307346
0.319328
0.317955
0.326907
0.336208
0.331659
0.339839
0.330441
0.33539
0.331386
0.332622
0.314308
0.315722
0.353647
0.354853
0.332113
0.33748
0.330192
0.344012
0.344074
0.272485
0.332063
0.329958
0.34532
0.352851
0.347807
0.297496
0.344984
0.36196
0.360418
0.359441
0.359999
0.326745
0.352899
0.342028
0.300833
0.360862
0.376558
0.352953
0.314658
0.34005
0.376171
0.314659
0.345968
0.350523
0.372528
0.37279
0.374904
0.342668
0.374648
0.373532
0.351915
0.361685
0.403502
0.360916
0.3924
0.371176
0.31786
0.392409
0.359145
0.352182
0.344582
0.406807
0.363358
0.397618
0.404324
0.391651
0.437368
0.367753
0.42119
0.402173
0.419081
0.459522
0.406373
0.409276
0.343
0.390799
0.450635
0.42428
0.38551
0.414689
0.360035
0.457713
0.43317
0.40619
0.446006
0.394811
0.435706
0.39684
0.485603
0.434743
0.528638
0.411701
0.472015
0.41392
0.51744
0.396444
0.378341
0.491319
0.429863
0.42399
0.433062
0.513799
0.454051
0.451047
0.441122
0.47794
0.44912
0.498611
0.430416
0.440366
0.459078
0.505901
0.451909
0.607702
0.456466
0.368237
0.496554
0.524579
0.494689
0.549616
0.477225
0.526365
0.56851
0.556275
0.485865
0.518795
0.416072
0.598833
0.508936
0.637884
0.579019
0.55175
0.618637
0.598394
0.583319
0.628324
0.543905
0.654896
0.725742
0.665848
0.609511
0.783278
0.74478
0.684334
0.579133
0.628692
0.746308
0.738207
0.785195
0.785734
0.699589
0.781247
0.687928
0.75176
0.75794
0.829765
0.800569
0.823791
0.805403
0.670837
0.837905
0.718653
0.778092
0.876999
0.777825
0.879185
0.875216
0.810666
0.847845
0.756613
0.849163
0.835479
0.806731
0.829539
0.817203
0.828102
0.731966
0.728181
0.642301
0.611706
0.78918
0.784127
0.769616
0.808259
0.764873
0.726224
0.798931
0.686619
0.735374
0.744533
0.784865
0.649627
0.587773
0.740601
0.727289
0.722996
0.740521
0.749224
0.726207
0.692743
0.67957
0.761194
0.787594
0.692732
0.625382
0.812251
0.66714
0.681998
0.645452
0.820676
0.79855
0.803898
0.824397
0.734608
0.770588
0.79068
0.794657
0.776903
0.72713
0.86478
0.714885
0.782553
0.700187
0.87629
0.6675
0.875187
0.596824
0.859445
0.661482
0.633343
0.794181
0.913171
0.86876
0.863874
0.783427
0.893822
0.683754
0.840046
0.931573
0.605424
0.742677
0.799805
0.812306
0.852284
0.835629
0.655053
0.785902
0.711071
0.731258
0.921688
0.880451
0.813341
0.698542
0.908059
0.611824
0.688331
0.741763
0.779235
0.912959
0.762353
0.846013
0.841028
0.721612
0.547524
0.846239
0.668955
0.783607
0.768471
0.656156
0.782831
0.887916
0.750642
0.917951
0.48268
0.787592
0.440194
0.412971
0.752708
0.675817
0.658149
0.806389
0.673062
0.543057
0.918783
0.87357
0.54297
0.658714
0.835363
0.496825
0.530024
0.921413
0.864237
0.706178
0.912237
0.863444
0.544394
0.631158
0.689885
0.58319
0.887598
0.628743
0.885389
0.581604
0.659489
0.814229
0.528133
0.819068
0.638684
0.658877
0.84958
0.726977
0.553204
0.671539
0.773139
0.571982
0.692726
0.697292
0.81652
0.849559
0.678593
0.701662
0.808782
0.557853
0.740051
0.826738
0.680617
0.689189
0.767045
0.660899
0.615087
0.665926
0.691303
0.615621
0.428978
0.658637
0.749749
0.891585
0.586672
0.48351
0.91213
0.880223
0.709029
0.870168
0.588938
0.530091
