0.252733
0.255084
0.255597
0.25454
0.254268
0.252077
0.24972
0.231194
0.236371
0.23618
0.24272
0.236887
0.246946
0.226118
0.252317
0.246657
0.259603
0.256149
0.247974
0.236374
0.236234
0.254521
0.244027
0.246052
0.247166
0.253285
0.241597
0.254224
0.266845
0.254355
0.268546
0.255236
0.254583
0.260308
0.245555
0.25446
0.235716
0.251591
0.247161
0.248351
0.271308
0.271653
0.270605
0.256316
0.267029
0.255914
0.257295
0.255146
0.255692
0.255527
0.258834
0.264924
0.271128
0.278825
0.271453
0.272304
0.27443
0.269278
0.254112
0.261937
0.270498
0.270395
0.279145
0.291344
0.263937
0.280704
0.277548
0.262926
0.273141
0.270353
0.276243
0.276966
0.272394
0.283197
0.293594
0.256508
0.282839
0.272387
0.267869
0.271017
0.279344
0.276922
0.270732
0.281765
0.301152
0.299719
0.287561
0.266331
0.284692
0.283619
0.281765
0.285395
0.287463
0.267391
0.278169
0.301524
0.271433
0.261068
0.273094
0.276946
0.272345
0.291189
0.316394
0.317529
0.306825
0.292559
0.299206
0.27223
0.267506
0.29695
0.300265
0.300391
0.288093
0.327684
0.31371
0.318244
0.29916
0.299792
0.307839
0.316251
0.303565
0.329686
0.330339
0.330738
0.295513
0.310933
0.314989
0.310917
0.335382
0.331723
0.343952
0.343003
0.320746
0.326725
0.331117
0.322049
0.33068
0.351868
0.355772
0.350647
0.324132
0.322437
0.337934
0.31811
0.295864
0.350467
0.356001
0.344422
0.279711
0.354469
0.322899
0.354728
0.356084
0.34249
0.360891
0.336113
0.341072
0.342408
0.344077
0.33665
0.362505
0.367411
0.363509
0.374125
0.370578
0.367649
0.303542
0.347739
0.380932
0.374567
0.377065
0.38164
0.352237
0.367505
0.372345
0.36685
0.376334
0.377908
0.389978
0.359363
0.384456
0.338601
0.384231
0.38762
0.394552
0.384115
0.358604
0.404396
0.385802
0.429316
0.400761
0.397387
0.398276
0.35508
0.415303
0.415637
0.424314
0.373088
0.389926
0.409622
0.385985
0.4207
0.427285
0.423365
0.329307
0.392354
0.364438
0.419528
0.396086
0.399628
0.416258
0.44802
0.443959
0.464573
0.400774
0.452733
0.42522
0.482919
0.413018
0.462995
0.471848
0.444654
0.440298
0.470524
0.430767
0.441369
0.423736
0.470632
0.452142
0.390236
0.486341
0.469997
0.462759
0.424684
0.483988
0.452049
0.510918
0.480762
0.50073
0.527814
0.508439
0.488436
0.531736
0.537424
0.569479
0.559294
0.437105
0.543878
0.548661
0.552657
0.535932
0.573493
0.553484
0.650628
0.580203
0.587846
0.616206
0.535789
0.531698
0.60738
0.710823
0.619127
0.661632
0.65853
0.79146
0.685704
0.710822
0.573874
0.698
0.773541
0.741149
0.767478
0.867583
0.72663
0.69885
0.796163
0.838711
0.74412
0.747675
0.830235
0.804429
0.849144
0.776686
0.879176
0.747225
0.86224
0.887533
0.79935
0.859878
0.763239
0.729505
0.849865
0.855445
0.825349
0.874831
0.923431
0.804209
0.796247
0.752631
0.671634
0.672357
0.787295
0.760314
0.789623
0.802305
0.757981
0.592338
0.805074
0.710762
0.673933
0.755948
0.727671
0.729372
0.54663
0.726886
0.71645
0.715883
0.714722
0.748026
0.698265
0.719892
0.836133
0.72259
0.802928
0.692747
0.619882
0.833308
0.599782
0.672046
0.708701
0.500991
0.680759
0.828204
0.751599
0.765912
0.80044
0.763296
0.918011
0.790876
0.821921
0.721284
0.870705
0.715806
0.739963
0.733461
0.885167
0.771969
0.924622
0.83601
0.80454
0.62153
0.707222
0.794628
0.853299
0.702643
0.872762
0.792991
0.710163
0.661439
0.730067
0.733259
0.539609
0.747366
0.821987
0.860389
0.864213
0.863631
0.525725
0.733638
0.744216
0.871247
0.884228
0.873474
0.66215
0.667723
0.716361
0.600775
0.553804
0.692366
0.918857
0.75725
0.729363
0.786984
0.748524
0.692712
0.656599
0.57929
0.713047
0.775215
0.819571
0.781014
0.921568
0.451353
0.725436
0.66777
0.689258
0.884923
0.877292
0.443665
0.601802
0.874734
0.862041
0.701435
0.927132
0.888192
0.684997
0.576465
0.925329
0.921217
0.626381
0.782211
0.820879
0.880987
0.531028
0.729366
0.462409
0.894957
0.87071
0.844434
0.627655
0.697916
0.832196
0.696558
0.783381
0.716724
0.532364
0.549518
0.620009
0.88924
0.837375
0.787927
0.908988
0.56537
0.870644
0.512349
0.887144
0.718064
0.821974
0.613768
0.767694
0.463907
0.725378
0.69798
0.496865
0.603847
0.667657
0.932587
0.656971
0.882428
0.690925
0.777413
0.685357
0.897515
0.723771
0.414641
0.741868
0.762935
0.577765
0.705198
0.69181
0.606246
0.520653
0.904311
0.697074
0.718343
0.576687
0.701988
0.817153
0.765027
0.883378
0.51224
0.683867
0.51472
0.765118
