0.280739
0.284265
0.299482
0.273141
0.287922
0.279307
0.244317
0.286775
0.282195
0.27828
0.292513
0.279028
0.280234
0.302055
0.293933
0.285935
0.274375
0.261815
0.293952
0.281298
0.313552
0.292695
0.310978
0.302003
0.304156
0.301926
0.295317
0.302262
0.308871
0.322905
0.327632
0.309813
0.317123
0.300163
0.27642
0.286844
0.3008
0.32848
0.330047
0.323567
0.330887
0.283649
0.316821
0.318236
0.302539
0.316896
0.342017
0.342809
0.340598
0.275491
0.33946
0.323306
0.325764
0.338641
0.342206
0.3239
0.319802
0.32813
0.323508
0.315255
0.344203
0.333624
0.327189
0.3395
0.362401
0.290891
0.354255
0.308927
0.353225
0.333862
0.355839
0.359425
0.350391
0.337691
0.347143
0.326803
0.337389
0.356452
0.327496
0.373694
0.303752
0.34927
0.371883
0.335674
0.298765
0.381553
0.382105
0.336697
0.38015
0.392311
0.342416
0.335917
0.363922
0.352294
0.353043
0.3415
0.339765
0.399213
0.395394
0.350337
0.391126
0.366137
0.363178
0.401337
0.406878
0.385582
0.401714
0.412154
0.390627
0.42333
0.422355
0.360714
0.350132
0.393148
0.419539
0.445755
0.400932
0.426794
0.394901
0.387784
0.407338
0.439313
0.447269
0.430919
0.386324
0.450576
0.424539
0.364241
0.470002
0.371632
0.46062
0.458766
0.41242
0.468606
0.434567
0.486957
0.410863
0.310697
0.438936
0.43094
0.470208
0.443382
0.514302
0.477327
0.45501
0.514086
0.439725
0.468326
0.440358
0.470057
0.454622
0.496509
0.506475
0.50759
0.463858
0.504502
0.596397
0.507198
0.500728
0.533244
0.489489
0.451327
0.529547
0.549607
0.469974
0.525262
0.52699
0.500775
0.4976
0.501657
0.601152
0.626961
0.633971
0.562922
0.559204
0.613841
0.574309
0.594438
0.620388
0.597296
0.640921
0.63043
0.704457
0.645699
0.745835
0.686317
0.632501
0.753138
0.720836
0.715161
0.67769
0.650666
0.736624
0.686957
0.722819
0.719241
0.755107
0.646073
0.814808
0.830686
0.789837
0.787418
0.720436
0.873678
0.809339
0.821804
0.764009
0.876224
0.770836
0.87521
0.892716
0.854384
0.82836
0.776011
0.848158
0.83421
0.806288
0.826134
0.816791
0.830793
0.712789
0.730694
0.672638
0.594727
0.740176
0.779825
0.740862
0.817591
0.835464
0.610852
0.809575
0.647298
0.678927
0.76317
0.775247
0.6204
0.587381
0.684021
0.736731
0.750262
0.737382
0.752138
0.700037
0.711539
0.835348
0.746918
0.826878
0.692732
0.557911
0.817481
0.564776
0.682086
0.639284
0.670559
0.758526
0.831516
0.72865
0.834712
0.80559
0.777455
0.916356
0.791574
0.760684
0.670508
0.874863
0.714672
0.783048
0.700256
0.875055
0.66563
0.929172
0.917275
0.819956
0.711944
0.647141
0.78052
0.818915
0.787998
0.712552
0.896623
0.846192
0.9113
0.438862
0.644932
0.76955
0.687629
0.859309
0.814798
0.640569
0.852761
0.80763
0.721429
0.814043
0.79853
0.808632
0.930997
0.840948
0.902539
0.856371
0.786979
0.554184
0.77582
0.669149
0.719038
0.811305
0.796007
0.673768
0.505
0.862653
0.914156
0.933726
0.721295
0.558178
0.90519
0.462233
0.80461
0.703696
0.921654
0.51262
0.725068
0.640953
0.613972
0.476461
0.762137
0.877578
0.681316
0.842756
0.78529
0.583385
0.763892
0.82844
0.922846
0.697637
0.77449
0.919537
0.755857
0.672006
0.79398
0.539963
0.925375
0.872576
0.804963
0.684203
0.664412
0.754454
0.854801
0.675952
0.792863
0.733668
0.707883
0.581979
0.58392
0.777962
0.594285
0.691218
0.842099
0.615064
0.727336
0.640629
0.699376
0.890728
0.738972
0.714217
0.597892
0.59972
0.58813
0.589039
0.910547
0.488039
0.856026
0.633535
0.865844
0.777887
0.902178
0.688645
0.84935
0.790732
0.919949
0.638942
0.827129
0.623106
0.726466
0.623809
0.867264
0.448224
0.5864
0.765601
0.53707
0.628548
0.901768
0.711799
0.546017
0.506437
0.792916
