0.729882
0.854789
0.62516
0.704932
0.795542
0.820595
0.778321
0.83494
0.804905
0.891797
0.595966
0.671412
0.907115
0.592904
0.77182
0.814631
0.693264
0.768055
0.831548
0.737538
0.929914
0.815075
0.794936
0.837187
0.930718
0.81527
0.798177
0.666268
0.897546
0.553259
0.610846
0.547826
0.781564
0.874194
0.684831
0.728365
0.802471
0.801938
0.518145
0.860249
0.668453
0.709471
0.800036
0.741346
0.782693
0.859409
0.476106
0.716271
0.642862
0.613328
0.866115
0.707812
0.476086
0.544633
0.775327
0.885315
0.879368
0.688343
0.919301
0.912647
0.56825
0.75698
0.928074
0.922783
0.68759
0.761572
0.732928
0.671847
0.499335
0.873273
0.463304
0.917338
0.817465
0.756426
0.731951
0.815069
0.663378
0.779472
0.610519
0.554208
0.774472
0.635043
0.87219
0.811248
0.787498
0.71325
0.551981
0.63563
0.764895
0.799991
0.674974
0.599656
0.546712
0.867865
0.691138
0.462964
0.554139
0.608702
0.712922
0.88802
0.763775
0.857435
0.792034
0.81786
0.913379
0.787461
0.712187
0.542056
0.47675
0.848053
0.648339
0.631508
0.398677
0.645859
0.867935
0.541818
0.726608
0.906538
0.4854
0.874153
0.593727
