0.223064
0.221244
0.225459
0.226088
0.210953
0.219814
0.222955
0.222006
0.224131
0.223718
0.21954
0.22109
0.224943
0.22283
0.226522
0.223267
0.2253
0.223342
0.22575
0.227639
0.222646
0.224749
0.220848
0.219206
0.221534
0.218402
0.219588
0.223587
0.217643
0.222979
0.225816
0.227337
0.228614
0.226928
0.218712
0.214109
0.224245
0.224073
0.219766
0.222721
0.219665
0.220649
0.221278
0.220211
0.21994
0.212217
0.220951
0.221707
0.219549
0.221918
0.211022
0.228022
0.227254
0.224836
0.230937
0.233159
0.233961
0.229647
0.228572
0.223343
0.227949
0.224303
0.223435
0.225645
0.225386
0.213894
0.217697
0.220443
0.232512
0.226887
0.226765
0.233308
0.239115
0.230523
0.234612
0.225822
0.231087
0.230025
0.229069
0.222363
0.227069
0.222161
0.216186
0.226904
0.23031
0.233668
0.239601
0.239089
0.239979
0.236123
0.229042
0.230916
0.229442
0.224649
0.23287
0.218236
0.23455
0.233538
0.236068
0.236827
0.240028
0.237474
0.223863
0.241164
0.239328
0.233046
0.221459
0.222166
0.234382
0.233205
0.233925
0.231323
0.223157
0.225708
0.234779
0.228845
0.225646
0.240086
0.236871
0.239353
0.233999
0.241741
0.241122
0.237212
0.227946
0.231301
0.23693
0.238904
0.238522
0.240019
0.236356
0.231816
0.243081
0.22108
0.243055
0.233098
0.230757
0.236617
0.226603
0.236158
0.241579
0.238167
0.238082
0.240451
0.241943
0.240577
0.234471
0.226615
0.240912
0.240621
0.233756
0.235498
0.237719
0.230591
0.241468
0.231464
0.233979
0.241343
0.228333
0.242279
0.245094
0.246387
0.245443
0.240374
0.233418
0.242387
0.23944
0.237117
0.233909
0.240706
0.243349
0.243622
0.245511
0.234803
0.229497
0.245772
0.237088
0.242003
0.243254
0.231598
0.231532
0.242483
0.241576
0.241773
0.243599
0.232908
0.235895
0.245772
0.243819
0.242377
0.25282
0.247206
0.247211
0.250558
0.242804
0.245372
0.24488
0.245182
0.238256
0.244265
0.244722
0.234863
0.225072
0.246552
0.247756
0.236965
0.247056
0.23044
0.236893
0.240496
0.246709
0.25233
0.256644
0.2542
0.249856
0.249002
0.23829
0.244187
0.244133
0.235741
0.241725
0.246956
0.250871
0.242878
0.243655
0.243367
0.251526
0.251265
0.254649
0.25507
0.254049
0.244008
0.243458
0.247737
0.250215
0.247338
0.259138
0.264009
0.265418
0.264396
0.267248
0.260263
0.261159
0.23517
0.253965
0.244662
0.250786
0.250308
0.265993
0.27361
0.274578
0.266136
0.252713
0.256746
0.25659
0.25764
0.260231
0.245221
0.251569
0.271916
0.268733
0.262539
0.274212
0.269507
0.250544
0.254695
0.258512
0.263919
0.264293
0.276586
0.282704
0.264974
0.278585
0.26152
0.271907
0.248314
0.277038
0.282806
0.286412
0.284757
0.293605
0.270029
0.285638
0.27344
0.261914
0.268644
0.277615
0.274931
0.237366
0.29627
0.258127
0.294442
0.272097
0.282575
0.271744
0.278274
0.268419
0.289643
0.278279
0.310022
0.3061
0.299878
0.271745
0.289817
0.273804
0.291678
0.302221
0.316397
0.318342
0.301559
0.300084
0.297959
0.302143
0.299901
0.275584
0.313263
0.29483
0.329638
0.321554
0.321006
0.311442
0.288147
0.312476
0.310179
0.313112
0.32221
0.335742
0.330308
0.324715
0.314001
0.30664
0.323158
0.264737
0.291047
0.335715
0.344581
0.339017
0.336595
0.335467
0.287384
0.301803
0.336997
0.343783
0.353618
0.340364
0.344058
0.33843
0.346801
0.339926
0.334617
0.34455
0.331288
0.29893
0.353234
0.346039
0.32574
0.349126
0.358997
0.357687
0.323378
0.337775
0.302678
0.327543
0.326302
0.372835
0.333587
0.356708
0.334973
0.342352
0.34219
0.379864
0.345785
0.379875
0.371998
0.365348
0.362289
0.36389
0.3521
0.381923
0.368584
0.391669
0.399203
0.39845
0.367796
0.394943
0.400554
0.371902
0.400729
0.400098
0.372798
0.423883
0.381194
0.375852
0.43157
0.380102
0.380785
0.393618
0.415638
0.434165
0.41442
0.383295
0.409298
0.429578
0.438042
0.421422
0.438466
0.420592
0.432969
0.41696
0.426983
0.360059
0.353655
0.418039
0.447458
0.415003
0.468921
0.408165
0.403107
0.447025
0.50017
0.407792
0.468788
0.466957
0.443093
0.469536
0.512128
0.439348
0.460574
0.489914
0.445048
0.438282
0.494311
0.494833
0.435741
0.46773
0.577108
0.491377
0.496741
0.532415
0.48956
0.49229
0.54887
0.505761
0.571828
0.480846
0.50163
0.516843
0.598544
0.510864
0.638562
0.572903
0.614717
0.639879
0.60416
0.598021
0.550143
0.64107
0.531569
0.654852
0.645947
0.775966
0.709549
0.486758
0.622827
0.790631
0.711745
0.706577
0.688251
0.653736
0.715868
0.703591
0.822566
0.784225
0.694403
0.733224
0.649672
0.55116
0.827326
0.777881
0.811626
0.827448
0.789208
0.827237
0.716735
0.800556
0.84958
0.705561
0.845225
0.834912
0.816489
0.785245
0.847682
0.783186
0.848423
0.793831
0.741704
0.800082
0.823914
0.822609
0.831674
0.79816
0.73712
0.656692
0.682888
0.807214
0.776097
0.742543
0.825317
0.774451
0.884043
0.815356
0.785117
0.816246
0.867559
0.734408
0.864451
0.85513
0.873932
0.740741
0.722648
0.744769
0.738421
0.758549
0.652894
0.725123
0.810408
0.76181
0.856748
0.692732
0.67047
0.833763
0.635329
0.675411
0.642782
0.708728
0.778546
0.804159
0.742989
0.726355
0.755002
0.800836
0.794247
0.828393
0.720792
0.861427
0.695395
0.74675
0.862145
0.822669
0.85573
0.910823
0.664412
0.643266
0.699438
0.785566
0.903788
0.783069
0.86096
0.775835
0.784524
0.378988
0.565933
0.650915
0.54075
0.68869
0.730992
0.818981
0.836664
0.870739
0.865656
0.835159
0.698682
0.84712
0.788285
0.524636
0.852977
0.788776
0.802529
0.902937
0.544074
0.775385
0.833094
0.680527
0.678524
0.699979
0.766246
0.877787
0.911254
0.669684
0.848814
0.670992
0.710468
0.7968
0.81918
0.772914
0.921347
0.514894
0.917781
0.65649
0.729076
0.88008
0.434975
0.533877
0.739948
0.754237
0.806593
0.662576
0.590705
0.645244
0.923246
0.645522
0.916323
0.711086
0.79542
0.872761
0.834431
0.507321
0.898764
0.851596
0.790707
0.723665
0.769655
0.86772
0.676632
0.776727
0.790299
0.704494
0.840804
0.634154
0.547918
0.736095
0.799778
0.688105
0.88033
0.533081
0.691142
0.605169
0.705201
0.664314
0.5094
0.481652
0.598164
0.858671
0.773855
0.748142
0.85846
0.856306
0.828128
0.847722
0.682346
0.817913
0.733997
0.743687
0.7396
0.787908
0.781598
0.603534
0.633259
0.808309
0.612832
0.673248
0.708696
0.816413
0.486021
0.627636
0.761985
0.831834
0.515791
0.688969
0.626966
