0.196188
0.197355
0.198111
0.196402
0.197654
0.198968
0.200988
0.200338
0.199521
0.200563
0.202382
0.205655
0.209077
0.203665
0.203135
0.205752
0.206663
0.207757
0.209241
0.20709
0.208794
0.204662
0.206859
0.206105
0.203178
0.201592
0.1949
0.195627
0.198334
0.198694
0.199234
0.19877
0.198943
0.202258
0.200958
0.196165
0.195203
0.197314
0.198206
0.198901
0.196837
0.197745
0.199503
0.196584
0.204364
0.207064
0.206625
0.204325
0.206373
0.209855
0.210975
0.210324
0.21005
0.205766
0.203021
0.201281
0.200431
0.202893
0.202767
0.201015
0.198965
0.199105
0.199172
0.198932
0.197348
0.196287
0.195925
0.195261
