0.820598
0.828016
0.505367
0.901829
0.75972
0.762831
0.630395
0.715693
0.572893
0.902356
0.719847
0.894459
0.786099
0.545886
0.887076
0.616704
0.895557
0.431828
0.815709
0.652021
0.618558
0.895209
0.76062
0.688524
0.892126
0.725903
0.822474
0.756543
0.836814
0.536209
0.692836
0.631304
0.816088
0.484407
0.898924
0.735206
0.80982
0.34825
0.493968
0.848714
0.738201
0.875986
0.935864
0.567894
0.527243
0.86259
0.515885
0.853749
0.470659
0.697611
0.523057
0.57974
0.696969
0.717514
0.803571
0.864885
0.584626
0.62644
0.608771
