0.448025
0.419621
0.469253
0.440288
0.430752
0.468048
0.440196
0.487096
0.490016
0.435641
0.461036
0.434489
0.507571
0.508883
0.457149
0.595269
0.515471
0.395338
0.500817
0.497539
0.480944
0.566268
0.534909
0.580627
0.503456
0.500789
0.512829
0.63121
0.512488
0.526981
0.502409
0.578241
0.625673
0.617633
0.559126
0.583539
0.56645
0.610857
0.595798
0.616131
0.604152
0.790561
0.61414
0.642512
0.603666
0.784216
0.691909
0.654844
0.667869
0.713941
0.730653
0.731402
0.693032
0.869081
0.649703
0.779424
0.830429
0.743906
0.73347
0.772203
0.867627
0.771041
0.834745
0.732991
0.83621
0.87218
0.808639
0.781994
0.873843
0.765947
0.859242
0.795581
0.84956
0.789653
0.748899
0.806109
0.822637
0.797331
0.830543
0.76245
0.728117
0.65972
0.590404
0.785895
0.73851
0.781222
0.804698
0.838593
0.720269
0.815484
0.703339
0.675688
0.721759
0.785136
0.619544
0.587346
0.740881
0.734846
0.71579
0.740612
0.749408
0.695658
0.70972
0.835799
0.718028
0.814568
0.700476
0.669582
0.828157
0.578272
0.679286
0.705367
0.901402
0.761945
0.803931
0.813663
0.714373
0.770048
0.789927
0.791609
0.830074
0.730046
0.861425
0.714931
0.788378
0.702682
0.885009
0.694422
0.933416
0.735846
0.852327
0.627611
0.634884
0.795213
0.872046
0.700237
0.86549
0.846275
0.912337
0.721534
0.837315
0.930507
0.61085
0.919002
0.886279
0.637202
0.709762
0.815139
0.735565
0.916826
0.80037
0.74264
0.844629
0.906628
0.821927
0.876724
0.587638
0.696936
0.521711
0.899276
0.729884
0.856744
0.694048
0.725456
0.806064
0.793896
0.898735
0.540927
0.558635
0.916329
0.464423
0.865929
0.790778
0.447022
0.914737
0.584298
0.86457
0.867794
0.44763
0.580573
0.667062
0.815517
0.773984
0.919712
0.531526
0.800969
0.824168
0.594824
0.797397
0.915565
0.900059
0.823427
0.835044
0.519606
0.659149
0.73031
0.923108
0.789817
0.696575
0.633644
0.806763
0.70025
0.5483
0.820378
0.88943
0.890777
0.74514
0.491964
0.763599
0.655135
0.776786
0.658622
0.787589
0.53926
0.842482
0.545586
0.722655
0.682979
0.697622
0.587562
0.476234
0.468906
0.835973
0.667044
0.560106
0.89694
0.854815
0.749219
0.868532
0.890839
0.58926
0.795188
0.862494
0.728268
0.455896
0.925987
0.884983
0.60771
0.498388
0.801998
0.694431
0.736868
0.431594
0.92521
0.750873
0.858022
0.481509
0.564154
0.59659
0.897655
0.819806
0.855526
0.537315
0.568047
