0.243472
0.252083
0.23986
0.255472
0.245437
0.254754
0.245112
0.24733
0.237219
0.238168
0.248735
0.245402
0.251251
0.255962
0.264404
0.256048
0.267925
0.26001
0.262341
0.262255
0.253464
0.25464
0.248462
0.242556
0.257633
0.248428
0.26926
0.254419
0.276126
0.271628
0.263105
0.261076
0.258794
0.255243
0.246107
0.233692
0.24593
0.268257
0.272941
0.252253
0.270573
0.266348
0.274087
0.264695
0.261912
0.260082
0.268049
0.270349
0.268112
0.277909
0.279195
0.267286
0.280418
0.274229
0.265543
0.255316
0.271996
0.273982
0.265377
0.287787
0.290025
0.29249
0.286413
0.279327
0.237354
0.244712
0.240067
0.277235
0.281547
0.264231
0.300532
0.298671
0.282773
0.275858
0.285228
0.250239
0.282209
0.290461
0.267918
0.278845
0.306543
0.293466
0.297886
0.2882
0.275356
0.284619
0.277359
0.292738
0.306787
0.314493
0.312801
0.310496
0.296337
0.286169
0.265981
0.298975
0.3066
0.285877
0.315066
0.325215
0.300739
0.30514
0.306679
0.302523
0.312172
0.289977
0.326786
0.300224
0.311454
0.317006
0.283656
0.301442
0.303199
0.328434
0.309163
0.342856
0.333755
0.303186
0.335557
0.316102
0.331717
0.343173
0.348769
0.357204
0.3431
0.320139
0.308711
0.342277
0.342529
0.311367
0.356735
0.344137
0.347167
0.355671
0.353986
0.297448
0.35221
0.360485
0.358977
0.350796
0.344015
0.329069
0.348004
0.355574
0.33605
0.365896
0.339923
0.358231
0.353729
0.326607
0.344819
0.33765
0.360962
0.320229
0.367501
0.373452
0.352649
0.381707
0.351316
0.380904
0.344209
0.367476
0.35375
0.405656
0.374195
0.397156
0.392261
0.315114
0.388574
0.389692
0.324305
0.347961
0.3937
0.380105
0.429874
0.386958
0.425278
0.410607
0.413407
0.407724
0.419179
0.413852
0.400955
0.396024
0.441169
0.444864
0.409261
0.393934
0.423081
0.425214
0.454598
0.463797
0.39515
0.414568
0.448352
0.435502
0.422506
0.420327
0.474886
0.391778
0.435412
0.454852
0.383414
0.394425
0.486513
0.455728
0.452017
0.424233
0.436323
0.512859
0.455331
0.438688
0.438889
0.460725
0.485634
0.425096
0.497829
0.454791
0.473259
0.495165
0.499373
0.385009
0.496494
0.510839
0.484762
0.576253
0.559536
0.476158
0.53873
0.485348
0.562147
0.501196
0.518447
0.576274
0.609125
0.624835
0.6333
0.563803
0.566494
0.661564
0.578775
0.599898
0.589762
0.536902
0.578477
0.702596
0.526127
0.78387
0.536142
0.658295
0.773209
0.728999
0.58878
0.735908
0.595489
0.668588
0.780256
0.759233
0.784211
0.707713
0.757334
0.652988
0.648391
0.829399
0.784151
0.815239
0.809162
0.731329
0.740705
0.744506
0.87164
0.828567
0.841659
0.8287
0.79367
0.875277
0.816349
0.848291
0.822586
0.763593
0.816375
0.874696
0.887128
0.888245
0.773643
0.761299
0.667229
0.586501
0.787215
0.789763
0.740882
0.803118
0.835123
0.623182
0.809872
0.706811
0.764775
0.735073
0.771018
0.681676
0.663562
0.731804
0.722648
0.74414
0.535306
0.782007
0.655484
0.729953
0.835422
0.75909
0.78747
0.651263
0.673434
0.818567
0.631782
0.68145
0.630788
0.903121
0.777048
0.809949
0.813265
0.716408
0.769405
0.807562
0.792771
0.828393
0.707934
0.870629
0.715167
0.787759
0.805962
0.882002
0.776351
0.930425
0.729276
0.845257
0.69221
0.659837
0.790586
0.865817
0.86433
0.860697
0.788092
0.893261
0.777046
0.693068
0.59901
0.692129
0.4621
0.680316
0.928417
0.762493
0.794945
0.749844
0.813678
0.783341
0.935639
0.803107
0.850084
0.654356
0.931229
0.882293
0.806954
0.628745
0.906528
0.570463
0.851712
0.552005
0.722518
0.812003
0.74742
0.67763
0.767193
0.833208
0.913358
0.785509
0.538028
0.871745
0.831944
0.714187
0.709681
0.562183
0.834822
0.571054
0.794763
0.66339
0.79959
0.889677
0.904718
0.770926
0.909363
0.754528
0.831026
0.498075
0.670012
0.728818
0.751026
0.736056
0.677087
0.532726
0.64509
0.926104
0.924456
0.707893
0.797518
0.884989
0.81904
0.695498
0.84579
0.46884
0.908488
0.862148
0.819434
0.662729
0.861864
0.604832
0.792256
0.849496
0.797763
0.600536
0.831539
0.758249
0.832215
0.638459
0.803978
0.920794
0.621918
0.845716
0.874418
0.545808
0.889775
0.908585
0.825109
0.713997
0.481055
0.56952
0.552979
0.887309
0.728443
0.70619
0.852861
0.675538
0.756053
0.84206
0.482932
0.647764
0.700676
0.678836
0.742321
0.417926
0.928451
0.829193
0.607477
0.53029
0.48976
0.70285
0.431703
0.683937
0.749775
0.919508
0.521013
0.72403
0.805667
0.734051
0.624442
0.544295
0.607923
0.745925
