0.216725
0.226081
0.224183
0.215329
0.219502
0.216341
0.216408
0.219068
0.213924
0.211949
0.217627
0.21429
0.208616
0.213057
0.215252
0.210899
0.210752
0.213361
0.214164
0.212668
0.216112
0.21777
0.21579
0.225282
0.225259
0.225577
0.222531
0.219676
0.221085
0.22205
0.224521
0.225513
0.221447
0.224856
0.220607
0.219024
0.216399
0.213597
0.215461
0.222453
0.212901
0.214649
0.215573
0.215221
0.213738
0.218921
0.224385
0.219474
0.214054
0.219601
0.216158
0.222342
0.225239
0.217598
0.224414
0.21852
0.218817
0.218416
0.21992
0.21969
0.219194
0.218802
0.216045
0.214847
0.218581
0.219752
0.221254
0.208769
0.221871
0.219266
0.222347
0.229202
0.227803
0.226501
0.225285
0.225816
0.22134
0.222396
0.221064
0.214652
0.213793
0.224412
0.22395
0.224917
0.220758
0.22396
0.224253
0.219745
0.224553
0.227097
0.230507
0.229144
0.226356
0.226588
0.222251
0.228367
0.219707
0.22512
0.222467
0.217179
0.219185
0.220361
0.222685
0.216169
0.223173
0.22491
0.223104
0.227787
0.221545
0.22851
0.225088
0.22146
0.22179
0.217951
0.223873
0.222401
0.212692
0.22118
0.22079
0.22044
0.217509
0.219169
0.220951
0.22294
0.219213
0.220283
0.22539
0.2205
0.227946
0.231274
0.226074
0.231522
0.231696
0.233337
0.232277
0.228337
0.225249
0.225297
0.223469
0.226346
0.217406
0.223888
0.216074
0.22346
0.233494
0.23432
0.226847
0.229314
0.227291
0.223843
0.234348
0.219102
0.226959
0.230272
0.222084
0.221119
0.220865
0.225632
0.221327
0.224656
0.22622
0.226096
0.230289
0.232465
0.24057
0.239753
0.239917
0.240653
0.236091
0.231486
0.228815
0.229001
0.225541
0.232814
0.228176
0.225643
0.22879
0.238571
0.234861
0.237624
0.231375
0.235683
0.242211
0.237283
0.239523
0.236368
0.229879
0.235518
0.226374
0.231046
0.234778
0.235116
0.236826
0.220921
0.22374
0.240072
0.241364
0.238719
0.228574
0.242654
0.238395
0.243897
0.242507
0.2269
0.230835
0.237092
0.236917
0.234535
0.239348
0.240873
0.226244
0.242532
0.241032
0.239624
0.242098
0.239148
0.235537
0.236301
0.237452
0.230299
0.237885
0.239507
0.242231
0.242024
0.242642
0.240794
0.240428
0.231317
0.239154
0.234469
0.237246
0.232691
0.232368
0.242802
0.23212
0.23509
0.22886
0.244346
0.237629
0.24115
0.235694
0.245008
0.240859
0.234837
0.244046
0.240672
0.237314
0.238219
0.24021
0.240745
0.232192
0.242033
0.24507
0.231628
0.24597
0.248114
0.249773
0.235531
0.241047
0.245319
0.24249
0.231532
0.236478
0.242295
0.234236
0.229438
0.240813
0.239076
0.240629
0.241262
0.246135
0.244662
0.236921
0.251728
0.234183
0.247328
0.25127
0.246252
0.239608
0.240131
0.239112
0.250688
0.239024
0.234962
0.24601
0.249765
0.248303
0.246658
0.245251
0.23169
0.248032
0.23992
0.240802
0.247968
0.251696
0.255485
0.248975
0.253937
0.242648
0.250733
0.23841
0.243632
0.245702
0.232432
0.236415
0.246759
0.243512
0.252354
0.247382
0.237954
0.249886
0.260051
0.246957
0.247687
0.254447
0.254042
0.23529
0.247171
0.24636
0.251718
0.249804
0.250556
0.255838
0.267493
0.267424
0.245315
0.256447
0.259832
0.263371
0.242891
0.249094
0.243025
0.251015
0.251825
0.250564
0.255435
0.267842
0.275451
0.261208
0.253967
0.263934
0.252936
0.249038
0.248954
0.257512
0.2438
0.272365
0.269122
0.266572
0.274441
0.272844
0.263094
0.250584
0.241329
0.256615
0.261539
0.247631
0.273998
0.269373
0.277405
0.276044
0.286982
0.245878
0.238758
0.250279
0.264087
0.271037
0.254867
0.284413
0.282925
0.289493
0.292998
0.2871
0.286529
0.270163
0.268078
0.256491
0.278314
0.28052
0.298681
0.267184
0.297852
0.290465
0.286463
0.278596
0.27787
0.277858
0.282183
0.307568
0.291649
0.279496
0.302677
0.276943
0.268538
0.257556
0.290598
0.281768
0.273557
0.286022
0.312422
0.306147
0.293401
0.296671
0.279711
0.280043
0.317866
0.311465
0.324903
0.30265
0.260623
0.299781
0.303019
0.304072
0.283384
0.285073
0.315446
0.300661
0.297953
0.315668
0.31539
0.319571
0.332431
0.285973
0.334928
0.334017
0.322077
0.324246
0.328872
0.324111
0.341373
0.334728
0.359629
0.351349
0.339606
0.338063
0.324695
0.297009
0.325182
0.355748
0.312641
0.348569
0.349422
0.354921
0.310309
0.362438
0.336625
0.357895
0.354276
0.343076
0.309107
0.344041
0.327507
0.37096
0.369659
0.369812
0.367307
0.321105
0.319848
0.344109
0.348997
0.325259
0.370713
0.384605
0.355365
0.340688
0.37338
0.359216
0.370903
0.370203
0.398538
0.41856
0.339025
0.364139
0.392224
0.377936
0.368739
0.360939
0.357119
0.398119
0.386582
0.3857
0.422357
0.397219
0.40683
0.424399
0.417517
0.386826
0.396699
0.416514
0.40064
0.394786
0.396624
0.396636
0.450122
0.428569
0.446004
0.431631
0.464033
0.40974
0.422341
0.442676
0.457989
0.437886
0.443346
0.37291
0.466266
0.423734
0.415989
0.456494
0.526693
0.430761
0.467222
0.469097
0.356301
0.424911
0.379974
0.506504
0.453728
0.388972
0.490487
0.442746
0.485952
0.4292
0.503687
0.444011
0.476506
0.489394
0.517098
0.499497
0.530831
0.510783
0.527779
0.463206
0.588286
0.458186
0.5432
0.571438
0.541354
0.474857
0.520902
0.588826
0.638993
0.563516
0.54795
0.566431
0.605618
0.622019
0.597951
0.593314
0.656631
0.728613
0.635176
0.539855
0.646566
0.762721
0.711422
0.697702
0.607125
0.694783
0.755029
0.660975
0.694866
0.709349
0.699424
0.750753
0.792649
0.83894
0.744044
0.723065
0.75911
0.809652
0.821565
0.71205
0.775064
0.874697
0.824055
0.785609
0.763018
0.868774
0.816127
0.856382
0.742149
0.846017
0.814769
0.763136
0.891686
0.87717
0.929354
0.828286
0.72439
0.729745
0.632605
0.59541
0.795286
0.777882
0.776208
0.824604
0.797824
0.634156
0.809422
0.714446
0.754427
0.753289
0.807796
0.742539
0.587772
0.734411
0.730725
0.751448
0.713875
0.84903
0.912223
0.699823
0.702582
0.686051
0.757427
0.787505
0.692732
0.659611
0.814638
0.635167
0.672208
0.705685
0.695507
0.782993
0.794284
0.743341
0.713629
0.769831
0.797385
0.796906
0.761229
0.720929
0.870771
0.715806
0.78298
0.749989
0.878711
0.667328
0.864074
0.920371
0.809898
0.699988
0.645565
0.793833
0.85106
0.714641
0.891889
0.795905
0.897267
0.454037
0.597237
0.66199
0.92267
0.882629
0.89711
0.645628
0.719398
0.810159
0.738975
0.524178
0.779729
0.750532
0.83895
0.818146
0.497744
0.625503
0.588233
0.800052
0.871882
0.722448
0.843594
0.735804
0.850783
0.84049
0.793231
0.575288
0.511288
0.709888
0.559744
0.773453
0.463292
0.789746
0.79306
0.87057
0.459583
0.721484
0.698338
0.52649
0.834089
0.614486
0.602465
0.87634
0.670008
0.806777
0.775305
0.684902
0.55987
0.790983
0.664084
0.718216
0.756948
0.710745
0.661656
0.856793
0.554943
0.607505
0.337918
0.743452
0.793814
0.710593
0.695871
0.817035
0.664455
0.800134
0.78771
0.708353
0.603867
0.675534
0.935416
0.612499
0.799666
0.721218
0.574661
0.793906
0.519191
0.661823
0.710048
0.672664
0.615565
0.788368
0.794175
0.666679
0.832729
0.496547
0.862448
0.758766
0.821142
0.823807
0.924177
0.666134
0.741239
0.385531
0.912171
0.929015
0.80922
0.625477
0.807063
0.686393
0.515491
0.612648
0.651949
0.708165
0.886754
0.46357
0.694457
0.847435
0.866428
0.634967
0.559075
0.661416
0.64307
