0.76698
0.845437
0.817023
0.795648
0.54098
0.900667
0.782882
0.804214
0.834674
0.744611
0.760244
0.78618
0.791554
0.825109
0.670422
0.861761
0.715702
0.666346
0.74294
0.874019
0.720885
0.922595
0.759657
0.859173
0.620861
0.642918
0.793384
0.915139
0.812429
0.758513
0.887846
0.805096
0.729565
0.657156
0.929247
0.509602
0.730014
0.822905
0.757444
0.814499
0.808614
0.742868
0.69545
0.74416
0.872457
0.915781
0.855033
0.668898
0.600221
0.630758
0.627739
0.641472
0.578264
0.787138
0.838857
0.742001
0.816204
0.612992
0.805542
0.656638
0.862885
0.659979
0.72858
0.80086
0.603791
0.921654
0.45757
0.64981
0.474968
0.816911
0.694706
0.504193
0.528885
0.68738
0.843939
0.667211
0.562698
0.757012
0.583968
0.756304
0.907873
0.642647
0.888476
0.713666
0.575189
0.918858
0.741327
0.849737
0.627765
0.627974
0.632561
0.862784
0.674394
0.528658
0.845893
0.885474
0.657611
0.712603
0.581777
0.479705
0.804559
0.787065
0.6628
0.520148
0.877622
0.556319
0.763256
0.553197
0.482065
0.78966
0.523489
0.930919
0.499286
0.496582
0.666819
0.809117
0.760774
0.554321
0.64798
0.685457
0.734681
0.420489
0.706765
0.614574
0.699582
0.672989
0.771278
0.765633
0.855339
0.791619
0.506915
0.658013
0.695606
0.916835
0.469303
0.707674
0.57461
0.789435
0.808624
0.876361
0.544294
0.582831
