0.332864
0.298809
0.353255
0.319427
0.333482
0.335193
0.318699
0.312385
0.344363
0.362761
0.346109
0.313568
0.353635
0.318748
0.357906
0.344552
0.355783
0.364021
0.352185
0.330438
0.354846
0.338721
0.344194
0.351309
0.335118
0.344357
0.345064
0.365391
0.359056
0.347353
0.35042
0.366528
0.385418
0.37424
0.378433
0.362918
0.344799
0.369935
0.371682
0.372008
0.371323
0.371319
0.360742
0.350137
0.349831
0.329161
0.380693
0.374068
0.369127
0.400048
0.387784
0.383604
0.371824
0.415649
0.38146
0.382932
0.420715
0.378804
0.392584
0.41889
0.407305
0.43089
0.376135
0.390493
0.404671
0.442503
0.416695
0.407601
0.438696
0.423081
0.431326
0.408724
0.353675
0.427014
0.376738
0.466166
0.423264
0.424887
0.453275
0.454201
0.407036
0.411431
0.42525
0.434666
0.507183
0.428425
0.4672
0.445617
0.522221
0.457508
0.472502
0.492724
0.440552
0.453478
0.440448
0.428137
0.485634
0.442417
0.495464
0.514248
0.60186
0.51053
0.499644
0.516864
0.470781
0.415533
0.459412
0.569407
0.506708
0.532493
0.562608
0.505904
0.452173
0.516029
0.632483
0.502088
0.534805
0.601234
0.521961
0.514071
0.618718
0.521758
0.596012
0.585501
0.654489
0.560775
0.513588
0.587506
0.641618
0.773709
0.7106
0.627816
0.617658
0.769056
0.785373
0.529332
0.695215
0.672146
0.668643
0.711162
0.673863
0.752679
0.869352
0.724482
0.755033
0.780474
0.843549
0.744055
0.728208
0.840242
0.789639
0.84831
0.668921
0.798988
0.777923
0.849236
0.883732
0.887846
0.8694
0.897213
0.80465
0.844187
0.849857
0.788444
0.825415
0.866135
0.815472
0.821059
0.784917
0.728214
0.678506
0.670176
0.924914
0.836571
0.907969
0.908657
0.800176
0.83526
0.65326
0.809904
0.706337
0.694491
0.746728
0.7149
0.732898
0.586297
0.734739
0.71454
0.716251
0.720507
0.773273
0.670295
0.728923
0.830185
0.761184
0.806109
0.693127
0.626919
0.819419
0.630345
0.670415
0.709021
0.70258
0.77985
0.776456
0.77144
0.703891
0.765208
0.770326
0.792104
0.760643
0.72159
0.861279
0.723823
0.786295
0.702165
0.885195
0.667558
0.915701
0.73373
0.856388
0.62311
0.651101
0.795795
0.926104
0.889901
0.843255
0.757996
0.820158
0.528313
0.550123
0.632827
0.785612
0.539423
0.889283
0.633873
0.648936
0.827633
0.73723
0.622437
0.787423
0.848494
0.912619
0.932938
0.698411
0.812234
0.455643
0.625809
0.879506
0.632878
0.775054
0.753325
0.722198
0.901534
0.650241
0.68645
0.851781
0.739454
0.905314
0.680427
0.70372
0.881731
0.834816
0.719149
0.710271
0.593663
0.791953
0.463203
0.810852
0.872742
0.921365
0.460058
0.707183
0.56905
0.872967
0.563942
0.76942
0.876374
0.764717
0.785006
0.85265
0.668153
0.406616
0.693531
0.922028
0.624302
0.819706
0.9179
0.813638
0.813925
0.928258
0.585137
0.575892
0.827535
0.784511
0.741412
0.7267
0.677469
0.862396
0.710457
0.918659
0.842554
0.843934
0.667724
0.551132
0.881473
0.744235
0.445414
0.82994
0.778838
0.574038
0.832334
0.532202
0.901089
0.717915
0.672992
0.460173
0.67892
0.660768
0.865725
0.729739
0.574713
0.486617
0.711699
0.914745
0.74887
0.81233
0.81666
0.502492
0.834929
0.732856
0.76139
0.614298
0.566174
0.613901
0.847445
0.66992
0.632882
0.871855
0.419212
0.743144
0.895436
0.541844
0.72866
0.734326
0.672053
0.805718
0.5473
0.522204
