0.395856
0.375882
0.424163
0.409975
0.419952
0.44411
0.4164
0.43816
0.402744
0.404984
0.396378
0.459182
0.418235
0.3822
0.369687
0.447634
0.418094
0.52282
0.40477
0.421735
0.52636
0.434486
0.473735
0.412482
0.50785
0.447782
0.474123
0.458197
0.455072
0.477896
0.437059
0.436857
0.496758
0.50761
0.430046
0.434838
0.425036
0.474527
0.436536
0.500163
0.533743
0.478213
0.520046
0.532519
0.526986
0.566026
0.501
0.51991
0.632439
0.467648
0.559292
0.582371
0.517262
0.552015
0.635412
0.59075
0.587719
0.605373
0.631049
0.71479
0.652612
0.681287
0.648058
0.596964
0.771148
0.725627
0.668635
0.573643
0.661199
0.74641
0.73047
0.778686
0.699558
0.762126
0.650758
0.608503
0.828984
0.800944
0.792537
0.827428
0.717706
0.846168
0.668749
0.808126
0.707886
0.823025
0.885088
0.81035
0.875395
0.788585
0.846811
0.797067
0.841352
0.835862
0.871624
0.926602
0.805959
0.796328
0.760655
0.657359
0.644145
0.794079
0.771722
0.782178
0.80479
0.831351
0.613307
0.809901
0.712349
0.75194
0.72164
0.754335
0.625343
0.560094
0.740734
0.730544
0.748097
0.720072
0.752485
0.694873
0.731066
0.808247
0.761614
0.786682
0.692732
0.645352
0.811568
0.571035
0.676139
0.637869
0.501338
0.683304
0.832067
0.762135
0.752193
0.808143
0.793366
0.915174
0.823928
0.858279
0.791325
0.83203
0.889466
0.926827
0.894044
0.661424
0.919191
0.911107
0.738733
0.614155
0.639548
0.793686
0.847469
0.714477
0.728198
0.804635
0.900194
0.70134
0.905959
0.683163
0.735312
0.802825
0.766587
0.699003
0.814461
0.916967
0.822144
0.738422
0.873122
0.917753
0.916801
0.881075
0.604402
0.707385
0.86841
0.901809
0.739622
0.900488
0.741234
0.686068
0.659891
0.866802
0.913914
0.758054
0.900235
0.707754
0.580504
0.59239
0.774948
0.661573
0.780983
0.877703
0.466039
0.917846
0.530327
0.820056
0.863717
0.408684
0.412161
0.746138
0.694349
0.862455
0.686091
0.768694
0.863026
0.53444
0.647997
0.794703
0.922986
0.778159
0.9064
0.826106
0.891595
0.553933
0.468839
0.671451
0.781404
0.725878
0.692002
0.733476
0.795419
0.62367
0.82945
0.50975
0.762467
0.608297
0.65775
0.443515
0.824046
0.633911
0.615101
0.801195
0.880496
0.51913
0.649573
0.741719
0.709527
0.5464
0.67819
0.73436
0.64546
0.550386
0.587278
0.761235
0.899207
0.760974
0.845067
0.88789
0.493878
0.728164
0.838303
0.748905
0.417093
0.711297
0.935812
0.490502
0.558581
0.580972
0.866613
0.859229
0.448347
0.924298
0.748247
0.417518
0.577658
0.86075
0.86345
0.850712
0.546754
0.687114
0.637193
