0.706717
0.660663
0.683011
0.829305
0.728698
0.784721
0.79349
0.735008
0.916318
0.900156
0.891017
0.849693
0.819675
0.889242
0.911912
0.742832
0.893093
0.77613
0.922188
0.751728
0.858268
0.787992
0.864485
0.780762
0.899598
0.88188
0.86111
0.787653
0.76707
0.64075
0.709134
0.916047
0.685571
0.754876
0.795313
0.765298
0.818649
0.737538
0.929783
0.786547
0.833993
0.787727
0.916056
0.836719
0.926103
0.362503
0.710927
0.561053
0.887812
0.629746
0.686792
0.892907
0.685656
0.715799
0.832904
0.826273
0.512736
0.690822
0.845047
0.78279
0.726688
0.794527
0.738751
0.780763
0.876629
0.473832
0.749677
0.881519
0.543207
0.862278
0.653259
0.454755
0.53694
0.838012
0.727751
0.902328
0.802622
0.917918
0.70848
0.570053
0.772835
0.929068
0.922825
0.786137
0.90525
0.52925
0.833776
0.492143
0.821726
0.740126
0.848637
0.694216
0.92328
0.798849
0.654542
0.79864
0.795883
0.706263
0.591228
0.393571
0.819948
0.68265
0.835373
0.901355
0.689609
0.891086
0.545651
0.830321
0.52199
0.67424
0.823287
0.672925
0.469464
0.485388
0.708262
0.688953
0.529885
0.760298
0.807782
0.431993
0.767675
0.502495
0.899429
0.715416
0.652447
0.410113
0.666838
0.765675
0.907882
0.604187
0.624459
0.513817
0.616816
0.726951
0.65581
0.7536
0.920026
0.52319
0.735398
0.934923
0.772324
0.761569
0.687686
0.508118
