0.255456
0.27177
0.250468
0.266258
0.254996
0.262386
0.24562
0.252801
0.259707
0.248648
0.235094
0.278012
0.281703
0.254891
0.268994
0.26425
0.263857
0.2499
0.254554
0.262083
0.266393
0.270496
0.265158
0.291691
0.287794
0.287037
0.278907
0.274198
0.271513
0.271823
0.273332
0.282752
0.283214
0.284348
0.294238
0.292021
0.276352
0.272856
0.256712
0.257088
0.251053
0.27817
0.287441
0.295846
0.293214
0.261872
0.282341
0.280979
0.285099
0.269519
0.280121
0.286513
0.283933
0.309794
0.272897
0.291208
0.292304
0.285268
0.285154
0.277646
0.297007
0.316579
0.303929
0.299101
0.302066
0.276847
0.302179
0.301379
0.299874
0.30409
0.292403
0.311358
0.310337
0.276494
0.30453
0.27792
0.293003
0.293978
0.285183
0.308123
0.331365
0.325983
0.321275
0.319568
0.299423
0.307975
0.294649
0.315256
0.340619
0.318469
0.304677
0.312315
0.338416
0.315181
0.322869
0.338811
0.345471
0.346242
0.304425
0.317687
0.317433
0.319632
0.309617
0.340241
0.304397
0.353846
0.320792
0.34432
0.355671
0.348845
0.335997
0.312661
0.333411
0.356775
0.342609
0.332248
0.346771
0.347586
0.362709
0.362943
0.366687
0.353398
0.359213
0.374065
0.319189
0.32424
0.385247
0.383321
0.348546
0.367808
0.359747
0.33885
0.360839
0.374217
0.341088
0.381524
0.346561
0.357382
0.319321
0.358629
0.372347
0.373769
0.342407
0.393012
0.397163
0.375258
0.363428
0.406985
0.432995
0.363444
0.422761
0.381807
0.397066
0.414352
0.4023
0.390309
0.398607
0.427658
0.420635
0.424076
0.432968
0.398814
0.391402
0.398795
0.42899
0.422882
0.46017
0.438593
0.451849
0.432296
0.463731
0.369596
0.443851
0.470109
0.433863
0.452607
0.435175
0.488416
0.492095
0.481877
0.477763
0.465989
0.448213
0.47915
0.485645
0.4263
0.494176
0.50834
0.498339
0.410304
0.416765
0.497638
0.45686
0.498013
0.521076
0.491339
0.52434
0.527319
0.534554
0.452534
0.541605
0.566306
0.499178
0.548731
0.559714
0.559004
0.573426
0.643139
0.576797
0.623106
0.628622
0.524127
0.578293
0.576395
0.533218
0.588747
0.692847
0.722871
0.710427
0.615853
0.71588
0.773599
0.706585
0.582673
0.700181
0.713187
0.662346
0.815198
0.696307
0.776402
0.728652
0.778846
0.837255
0.759169
0.733823
0.791078
0.779884
0.831089
0.671164
0.809724
0.803271
0.810346
0.851946
0.845248
0.811105
0.868737
0.750005
0.846653
0.838006
0.806699
0.830978
0.840371
0.830182
0.798366
0.728181
0.657127
0.56943
0.795673
0.73269
0.781656
0.826328
0.772936
0.721505
0.812249
0.686658
0.679067
0.741308
0.784987
0.682316
0.587773
0.740798
0.737008
0.715803
0.732601
0.748636
0.66737
0.690782
0.81743
0.767123
0.787436
0.691262
0.536268
0.806519
0.583891
0.683636
0.706708
0.664866
0.679854
0.820807
0.761357
0.831536
0.808711
0.775834
0.920351
0.794641
0.828393
0.722824
0.852406
0.719334
0.665383
0.701414
0.875267
0.771484
0.834347
0.752006
0.854709
0.682398
0.651132
0.794365
0.913271
0.782206
0.860212
0.787519
0.88757
0.472462
0.637127
0.784861
0.712692
0.747533
0.797895
0.765714
0.843125
0.735087
0.745272
0.72719
0.743321
0.870571
0.89379
0.806383
0.5013
0.744773
0.548039
0.600495
0.550979
0.721487
0.813893
0.79626
0.674103
0.744752
0.79061
0.908795
0.770662
0.624775
0.682872
0.665124
0.716534
0.784171
0.835699
0.783282
0.924367
0.477608
0.515484
0.530416
0.878168
0.497714
0.602416
0.875333
0.766275
0.776436
0.920378
0.589507
0.809452
0.852084
0.925435
0.860129
0.805234
0.823863
0.815029
0.5021
0.850478
0.86724
0.839526
0.612538
0.613501
0.625966
0.883568
0.720364
0.741071
0.889028
0.553276
0.750605
0.779852
0.547917
0.63393
0.789698
0.717721
0.845892
0.55522
0.656435
0.848513
0.785771
0.613098
0.567921
0.470227
0.782251
0.813679
0.535129
0.497643
0.611441
0.899335
0.920952
0.813357
0.879961
0.520976
0.742028
0.68502
0.795759
0.410202
0.841659
0.640321
0.748063
0.807093
0.849004
0.853017
0.506642
0.68915
0.916794
0.524179
0.37201
0.694515
0.91361
0.791007
0.829219
0.760158
0.513906
0.717801
