0.37139
0.382954
0.369968
0.352496
0.349367
0.342518
0.353064
0.403588
0.418267
0.365058
0.360145
0.371638
0.378079
0.382752
0.38251
0.388673
0.407269
0.385503
0.370184
0.423409
0.356423
0.418005
0.433799
0.360616
0.419382
0.416748
0.399241
0.445441
0.413799
0.393091
0.354497
0.44379
0.422531
0.417463
0.391663
0.437855
0.392131
0.457951
0.400616
0.436415
0.458018
0.449835
0.440588
0.391193
0.464539
0.377503
0.420569
0.467427
0.390557
0.361572
0.448994
0.46838
0.464377
0.523324
0.469851
0.412881
0.51945
0.422624
0.449564
0.440743
0.467907
0.401399
0.477096
0.423922
0.497195
0.469715
0.510556
0.579806
0.45306
0.436558
0.529825
0.492457
0.529823
0.538681
0.565192
0.507182
0.538259
0.45924
0.474079
0.506302
0.437306
0.573336
0.638393
0.634092
0.504173
0.56678
0.6438
0.586998
0.599863
0.564104
0.510734
0.516773
0.534946
0.547163
0.619092
0.655213
0.635791
0.582998
0.79126
0.713041
0.706691
0.571962
0.673014
0.71348
0.754625
0.79863
0.700541
0.724482
0.63666
0.827445
0.780336
0.839168
0.836146
0.716804
0.848003
0.744218
0.748584
0.876437
0.789306
0.818792
0.829169
0.822836
0.8476
0.808514
0.849538
0.800297
0.811989
0.826013
0.876757
0.925766
0.836706
0.798493
0.715945
0.641472
0.616232
0.737527
0.777999
0.785868
0.804906
0.763496
0.619213
0.812641
0.70463
0.741541
0.734848
0.741538
0.74172
0.669405
0.695349
0.714572
0.743144
0.721428
0.750921
0.714188
0.692729
0.837778
0.753632
0.813527
0.643612
0.620867
0.77334
0.593232
0.660798
0.701859
0.591463
0.677934
0.857917
0.756083
0.766498
0.78837
0.73167
0.911631
0.791512
0.763882
0.709453
0.861865
0.70236
0.788835
0.700305
0.878379
0.680402
0.898828
0.914236
0.819723
0.615373
0.708618
0.793654
0.820997
0.80258
0.851525
0.764569
0.889363
0.599037
0.726091
0.917454
0.614099
0.744879
0.800308
0.771284
0.820395
0.805555
0.704981
0.651407
0.65387
0.862422
0.851612
0.798461
0.548576
0.846275
0.885681
0.754315
0.7392
0.891431
0.654772
0.685371
0.610628
0.753133
0.525099
0.720764
0.570094
0.706611
0.798093
0.652892
0.92164
0.472952
0.635224
0.73538
0.412384
0.625139
0.728558
0.676884
0.762843
0.644351
0.680411
0.91905
0.602435
0.752261
0.71071
0.823402
0.502116
0.890577
0.921436
0.809387
0.779009
0.639211
0.730412
0.857708
0.660628
0.551542
0.895721
0.779339
0.571764
0.887568
0.635898
0.880626
0.428917
0.836977
0.853227
0.788216
0.790314
0.551022
0.707255
0.619757
0.685771
0.562318
0.710029
0.484913
0.821571
0.927601
0.622821
0.816541
0.73944
0.83241
0.498117
0.62743
0.922305
0.736842
0.75155
0.63941
0.64419
0.739984
0.599265
0.854533
0.430347
0.697076
0.82194
0.542966
0.697082
0.923266
0.709309
0.883897
0.59502
0.733725
0.626618
