0.8655
0.853408
0.864875
0.813142
0.840735
0.785118
0.820347
0.902823
0.903161
0.793597
0.855454
0.80262
0.799841
0.695516
0.643024
0.811019
0.635783
0.668037
0.63127
0.652279
0.682746
0.792579
0.728657
0.805286
0.804727
0.777365
0.918587
0.796313
0.827302
0.729686
0.87606
0.715728
0.773983
0.703278
0.872227
0.666834
0.929093
0.713679
0.65998
0.708536
0.646081
0.793932
0.870271
0.784209
0.891302
0.794804
0.897845
0.778891
0.383001
0.603368
0.659718
0.790533
0.929823
0.741793
0.833092
0.7612
0.812737
0.794861
0.917415
0.878656
0.745481
0.870677
0.931124
0.812888
0.915649
0.880739
0.787052
0.928173
0.707502
0.546175
0.780284
0.912803
0.779628
0.669844
0.764856
0.85813
0.90785
0.673084
0.846926
0.667575
0.729151
0.55372
0.931506
0.923238
0.871055
0.900099
0.756125
0.916168
0.500883
0.891344
0.62458
0.54017
0.696806
0.665085
0.748104
0.78076
0.91472
0.738207
0.592984
0.843794
0.904881
0.871581
0.73432
0.895691
0.538281
0.890202
0.736007
0.922133
0.72334
0.685711
0.817265
0.696493
0.79623
0.805236
0.527772
0.902048
0.717953
0.929641
0.785591
0.801979
0.78782
0.905496
0.585758
0.93248
0.543222
0.683162
0.673201
0.701971
0.716704
0.8916
0.713134
0.500039
0.755344
0.811727
0.859454
0.762459
0.812476
0.53166
0.814684
0.645035
0.410079
0.873023
0.638642
0.562824
0.604799
0.593679
0.607639
0.730014
0.673408
0.657103
0.754478
0.899088
0.588046
0.462318
0.607994
0.71187
0.861721
0.769416
0.531114
0.693896
