0.901617
0.727599
0.715991
0.794748
0.817896
0.592572
0.510371
0.793277
0.708686
0.648957
0.667479
0.71265
0.814145
0.653908
0.770783
0.717894
0.740408
0.917781
0.560686
0.853915
0.855669
0.475933
0.563376
0.510027
0.865312
0.644531
0.847936
0.679348
0.533069
0.697402
0.922964
0.759525
0.756819
0.868591
0.749179
0.711771
0.932182
0.612232
0.665142
0.765603
0.742192
0.776411
0.605926
0.641017
0.749924
0.664655
0.77901
0.712837
0.609307
0.901069
0.620953
0.605318
0.686301
0.815049
0.786593
0.627606
0.686204
0.735601
0.657722
0.756627
0.457471
0.711311
0.48046
0.806615
0.736657
0.565487
0.474662
0.678428
0.68763
0.765869
0.842963
0.497499
0.924241
0.679555
0.845655
0.721937
0.391162
0.757154
0.537465
0.570657
0.605314
0.86739
0.421185
0.925109
0.691484
0.467044
0.677194
0.81425
0.859406
0.870018
0.532943
0.473589
