0.835457
0.802984
0.72313
0.84495
0.778501
0.849461
0.767927
0.874758
0.723727
0.771406
0.882964
0.818962
0.82621
0.803277
0.875218
0.849346
0.878738
0.843176
0.867578
0.929014
0.828102
0.723213
0.772965
0.632172
0.578613
0.811704
0.772655
0.739339
0.79546
0.761446
0.721627
0.800073
0.70894
0.761958
0.736615
0.787351
0.711528
0.587543
0.733743
0.697077
0.75047
0.729164
0.783001
0.667398
0.732224
0.659598
0.757129
0.809202
0.692732
0.612487
0.787257
0.617551
0.682232
0.65024
0.829525
0.764258
0.803015
0.748286
0.706466
0.755822
0.808645
0.796583
0.758584
0.676044
0.870528
0.715902
0.78261
0.880098
0.822757
0.849295
0.896135
0.787362
0.614155
0.647625
0.789037
0.928676
0.88412
0.854296
0.764958
0.846715
0.794631
0.411814
0.579602
0.637595
0.822086
0.698025
0.870863
0.816315
0.828419
0.857582
0.864679
0.834761
0.701271
0.828437
0.801058
0.862422
0.878514
0.624392
0.593727
0.808211
0.928192
0.735362
0.552115
0.755686
0.919657
0.773329
0.694379
0.746055
0.854285
0.90907
0.674466
0.8571
0.604583
0.782266
0.713383
0.64502
0.826827
0.815591
0.92164
0.461323
0.761087
0.876354
0.701519
0.504502
0.683311
0.875509
0.893894
0.688588
0.885962
0.910663
0.604818
0.606615
0.922999
0.631802
0.911246
0.917277
0.75369
0.671557
0.929393
0.616068
0.595053
0.924498
0.751267
0.811842
0.586547
0.914322
0.744211
0.675612
0.868188
0.828386
0.811832
0.781582
0.657506
0.924514
0.614587
0.889836
0.68265
0.619043
0.656531
0.922878
0.696903
0.725428
0.541849
0.884987
0.63392
0.812196
0.740722
0.508843
0.621528
0.658818
0.58988
0.526924
0.66452
0.811055
0.899591
0.744401
0.832668
0.629138
0.639428
0.736874
0.410804
0.607755
0.566228
0.604318
0.865754
0.518318
0.593067
0.722998
0.424012
0.658353
0.686135
0.544423
0.49382
0.727868
0.918505
0.548218
0.764996
0.568519
