0.213558
0.216616
0.219501
0.214989
0.210944
0.212946
0.209359
0.209411
0.205686
0.207816
0.209088
0.209408
0.213723
0.215426
0.214728
0.213392
0.211936
0.216514
0.218789
0.223904
0.219504
0.222615
0.219938
0.216453
0.210291
0.21746
0.217176
0.217964
0.211753
0.214166
0.214082
0.215288
0.216918
0.211222
0.205765
0.213073
0.210918
0.211074
0.210965
0.224004
0.221772
0.218953
0.216011
0.219372
0.224679
0.222034
0.226597
0.223808
0.215536
0.219083
0.214809
0.21392
0.217357
0.217055
0.214034
0.2164
0.215894
0.215555
0.215217
0.220286
0.224906
0.214694
0.223676
0.221038
0.224666
0.226177
0.227345
0.225264
0.221143
0.218745
0.217079
0.21307
0.220052
0.218085
0.215548
0.212927
0.218338
0.221459
0.216388
0.22123
0.220776
0.222891
0.222573
0.222125
0.225966
0.229554
0.224147
0.225552
0.226873
0.221744
0.225844
0.22611
0.21344
0.217198
0.211399
0.221396
0.223626
0.222522
0.22171
0.223994
0.224761
0.223436
0.22712
0.2301
0.229633
0.223342
0.224556
0.225761
0.219966
0.225823
0.21915
0.218986
0.22282
0.218394
0.222048
0.226579
0.222654
0.218743
0.224951
0.227729
0.228124
0.218212
0.215324
0.22149
0.223015
0.223157
0.220152
0.222837
0.219662
0.219687
0.221116
0.220578
0.216066
0.221442
0.219056
0.219265
0.218843
0.21391
0.210132
0.227302
0.227364
0.228026
0.227543
0.232706
0.233159
0.236296
0.2364
0.228295
0.227044
0.215886
0.223405
0.224542
0.218671
0.223118
0.214039
0.233549
0.22635
0.23537
0.233294
0.239622
0.236729
0.219144
0.23118
0.229562
0.230327
0.229306
0.225113
0.225483
0.223695
0.225765
0.228851
0.224906
0.236605
0.239947
0.232485
0.234356
0.234867
0.235904
0.231641
0.230883
0.233428
0.225746
0.232093
0.231249
0.231194
0.235871
0.233323
0.237692
0.236025
0.228038
0.242062
0.230412
0.234577
0.240813
0.243265
0.233205
0.221459
0.228868
0.236845
0.232785
0.232551
0.23423
0.234875
0.226393
0.224367
0.22834
0.240145
0.242444
0.218093
0.242763
0.237962
0.241698
0.24124
0.239588
0.228307
0.237853
0.235136
0.240358
0.243276
0.241037
0.242942
0.242606
0.23486
0.244509
0.235045
0.244179
0.223257
0.226415
0.236358
0.238128
0.228439
0.231886
0.239714
0.244103
0.241905
0.234425
0.241814
0.233312
0.23305
0.242761
0.240146
0.2315
0.234099
0.241452
0.241043
0.229754
0.242316
0.239539
0.223557
0.239696
0.247564
0.237392
0.240396
0.225568
0.242923
0.23362
0.242019
0.23396
0.240706
0.233903
0.235045
0.245571
0.24425
0.243864
0.251103
0.24417
0.24215
0.242215
0.242838
0.22937
0.242487
0.241153
0.232055
0.229791
0.24153
0.239125
0.238054
0.242086
0.230321
0.24457
0.247608
0.250482
0.238664
0.246919
0.244392
0.247476
0.251777
0.249226
0.248302
0.238965
0.24458
0.250274
0.23528
0.241554
0.236604
0.235042
0.249789
0.248264
0.246415
0.230332
0.250662
0.248846
0.240947
0.244975
0.249249
0.247922
0.256051
0.252905
0.252057
0.248575
0.24689
0.24375
0.239592
0.242184
0.244342
0.236395
0.254488
0.252796
0.24086
0.261331
0.252715
0.253804
0.254251
0.252874
0.243467
0.238008
0.246495
0.252151
0.251776
0.247594
0.253181
0.259908
0.267318
0.265442
0.253391
0.259372
0.260123
0.242036
0.251441
0.250137
0.242396
0.250961
0.255403
0.255693
0.271788
0.276509
0.271829
0.254556
0.258567
0.244488
0.257188
0.260231
0.259593
0.241753
0.246856
0.263277
0.278607
0.271599
0.271756
0.265356
0.261178
0.264504
0.234759
0.265391
0.271746
0.266253
0.291445
0.261889
0.280956
0.278918
0.232095
0.263218
0.266808
0.24794
0.255227
0.24495
0.287549
0.287006
0.275942
0.287184
0.2793
0.274733
0.254595
0.23063
0.279953
0.287263
0.291948
0.283704
0.280627
0.251063
0.266695
0.281635
0.274265
0.277546
0.284577
0.269242
0.267207
0.273738
0.267504
0.28171
0.268026
0.275317
0.27626
0.276721
0.296664
0.313618
0.281655
0.309424
0.302065
0.289758
0.301421
0.286982
0.301107
0.303173
0.321383
0.324563
0.302741
0.26487
0.307707
0.303469
0.304584
0.303193
0.313522
0.305196
0.331089
0.320601
0.330291
0.301183
0.314235
0.326115
0.32267
0.330789
0.335746
0.331876
0.29482
0.333828
0.323189
0.339661
0.327534
0.331606
0.31294
0.300955
0.334406
0.308934
0.341981
0.35259
0.359632
0.349518
0.347855
0.346782
0.352898
0.303448
0.356456
0.340359
0.343276
0.359125
0.33994
0.34404
0.305306
0.355211
0.365092
0.348712
0.363487
0.374656
0.322338
0.349894
0.370135
0.366838
0.379379
0.355149
0.349877
0.373403
0.365832
0.369024
0.358522
0.377303
0.39566
0.351765
0.374075
0.387913
0.355959
0.337388
0.384828
0.347622
0.360468
0.358159
0.44012
0.405079
0.432803
0.384781
0.420467
0.394686
0.411488
0.397967
0.406876
0.396474
0.39264
0.427199
0.395929
0.426139
0.42321
0.431209
0.452273
0.389073
0.368391
0.458094
0.422448
0.442045
0.438832
0.43565
0.529712
0.37609
0.420973
0.433034
0.504167
0.404278
0.480689
0.426744
0.464294
0.522759
0.449492
0.469935
0.458212
0.459005
0.471645
0.471122
0.43512
0.467438
0.428434
0.506729
0.442478
0.504906
0.489824
0.476163
0.380574
0.506234
0.494122
0.512925
0.482834
0.569003
0.496704
0.523211
0.569143
0.490396
0.570428
0.638841
0.550032
0.58218
0.555794
0.615009
0.554112
0.570417
0.622594
0.612297
0.609624
0.579292
0.575713
0.648155
0.772829
0.71447
0.519014
0.753101
0.748535
0.679213
0.597514
0.671149
0.789773
0.635908
0.730155
0.752435
0.869443
0.664334
0.749737
0.788795
0.829911
0.785841
0.793629
0.791056
0.789208
0.833729
0.685442
0.771686
0.871276
0.817816
0.879279
0.87182
0.772739
0.876086
0.816001
0.834892
0.842849
0.822904
0.829581
0.844884
0.834065
0.785229
0.730156
0.631971
0.575279
0.78432
0.774138
0.740618
0.803102
0.773916
0.605619
0.815136
0.663773
0.716884
0.745521
0.703732
0.62014
0.590484
0.742244
0.730577
0.678135
0.729448
0.748613
0.730512
0.733851
0.835535
0.746409
0.812393
0.70119
0.676363
0.827693
0.599784
0.656221
0.63917
0.837223
0.761608
0.810925
0.808601
0.735564
0.761202
0.770308
0.763412
0.824351
0.67613
0.867119
0.714953
0.786868
0.701724
0.878758
0.677058
0.849805
0.531749
0.851257
0.631602
0.646273
0.785184
0.870137
0.769944
0.876689
0.802163
0.910174
0.443518
0.751624
0.842555
0.919608
0.558685
0.739617
0.791695
0.759521
0.813979
0.73153
0.62292
0.802332
0.833984
0.79074
0.930886
0.882655
0.683623
0.604948
0.641952
0.528343
0.617469
0.629746
0.761622
0.866895
0.724493
0.684051
0.83806
0.840371
0.793867
0.721162
0.815288
0.608285
0.713047
0.801449
0.658549
0.921639
0.459514
0.65278
0.714312
0.826338
0.466822
0.654766
0.891101
0.879894
0.862389
0.683075
0.854787
0.926877
0.791854
0.700931
0.643846
0.840693
0.591747
0.880787
0.712432
0.836212
0.502019
0.755963
0.750158
0.706054
0.924656
0.704294
0.620051
0.876052
0.664303
0.775536
0.806315
0.931226
0.463166
0.54686
0.794851
0.482659
0.585029
0.803978
0.771425
0.90871
0.569145
0.860408
0.528767
0.666242
0.929039
0.878251
0.490468
0.600824
0.674615
0.851874
0.712813
0.827557
0.926878
0.662398
0.78686
0.82122
0.743195
0.83955
0.740969
0.359
0.916946
0.55577
0.80804
0.837654
0.854811
0.534266
0.710515
0.740206
0.477039
0.630865
0.712947
0.745155
0.542244
0.512043
0.691595
0.916463
0.792223
0.856142
0.745406
0.674425
0.527441
