0.360212
0.4418
0.380874
0.3833
0.426209
0.409398
0.418358
0.396829
0.407842
0.410179
0.362036
0.375973
0.426152
0.418696
0.411604
0.444886
0.420844
0.440761
0.364532
0.412671
0.43813
0.408324
0.44453
0.399348
0.457974
0.413584
0.410201
0.448982
0.366332
0.489768
0.433718
0.428406
0.406742
0.394506
0.464224
0.41419
0.476236
0.482537
0.466735
0.467482
0.443913
0.455382
0.492617
0.417551
0.395484
0.444953
0.463133
0.447522
0.484757
0.515592
0.602487
0.516966
0.486013
0.532003
0.530001
0.522989
0.566455
0.48884
0.534809
0.55953
0.500775
0.50047
0.538588
0.608661
0.638603
0.562308
0.559157
0.604203
0.586063
0.54439
0.647622
0.536236
0.608169
0.557196
0.584643
0.784838
0.657456
0.599683
0.656755
0.756253
0.755023
0.587511
0.808967
0.669323
0.745161
0.692613
0.753724
0.71654
0.759081
0.658175
0.745783
0.780146
0.839196
0.747847
0.730203
0.811845
0.776605
0.844436
0.810012
0.876206
0.837371
0.877528
0.869512
0.754231
0.830721
0.8083
0.84818
0.790992
0.836193
0.823884
0.840305
0.829733
0.78978
0.726229
0.670886
0.594716
0.740354
0.793654
0.785011
0.811866
0.803411
0.618769
0.803602
0.668331
0.71296
0.726942
0.75344
0.73844
0.684422
0.706469
0.712081
0.715874
0.713616
0.749972
0.71237
0.729333
0.823165
0.759816
0.786754
0.692732
0.543015
0.81067
0.635761
0.652925
0.709053
0.66727
0.747852
0.868018
0.748915
0.82069
0.789294
0.777694
0.901939
0.763587
0.761261
0.720725
0.877152
0.716092
0.76405
0.7015
0.894057
0.742532
0.857001
0.912327
0.790607
0.628696
0.640378
0.793833
0.926024
0.802605
0.867193
0.808275
0.896365
0.638494
0.789062
0.930866
0.753999
0.79521
0.81693
0.85608
0.775676
0.847688
0.916048
0.699396
0.742976
0.870613
0.872166
0.617752
0.67707
0.527207
0.891627
0.644119
0.695346
0.888452
0.770368
0.660066
0.72977
0.774386
0.806126
0.543397
0.667901
0.67125
0.713084
0.583002
0.7069
0.75853
0.921992
0.482137
0.626534
0.691153
0.697361
0.884946
0.749791
0.502854
0.733518
0.878174
0.69464
0.818652
0.925182
0.585036
0.800713
0.819906
0.861236
0.701741
0.742718
0.912196
0.766726
0.703989
0.859703
0.90365
0.486671
0.896182
0.760312
0.85994
0.698854
0.719221
0.817265
0.681657
0.730723
0.843458
0.625672
0.449881
0.425537
0.814371
0.915763
0.812262
0.577951
0.680938
0.516524
0.641938
0.735272
0.675314
0.597291
0.557787
0.546398
0.850013
0.67233
0.553203
0.638464
0.84278
0.916571
0.838239
0.498826
0.791543
0.910711
0.716748
0.736279
0.832715
0.646875
0.542836
0.661234
0.830181
0.473248
0.658486
0.85847
0.482132
0.65926
0.77715
0.860416
0.840832
0.47394
0.502349
