0.794538
0.714829
0.835952
0.8379
0.815993
0.847682
0.776147
0.848599
0.80415
0.8115
0.84075
0.876995
0.922884
0.824799
0.731847
0.733376
0.711573
0.661082
0.795746
0.790388
0.740919
0.755868
0.832834
0.625759
0.8155
0.711141
0.682435
0.72723
0.772472
0.735587
0.565544
0.734506
0.717206
0.739184
0.738924
0.747555
0.724326
0.732027
0.830678
0.663193
0.80011
0.692732
0.671632
0.830482
0.637324
0.663562
0.705943
0.900163
0.775041
0.80417
0.834532
0.738367
0.783224
0.78815
0.611344
0.788983
0.66922
0.864638
0.713597
0.790214
0.700537
0.874782
0.722689
0.912823
0.766142
0.855703
0.781106
0.871771
0.78241
0.766243
0.71855
0.876522
0.778725
0.907385
0.788208
0.490568
0.607298
0.708073
0.678947
0.866785
0.742797
0.845825
0.758647
0.819381
0.729509
0.917856
0.801796
0.746673
0.870556
0.930382
0.497942
0.607327
0.620678
0.594543
0.848398
0.641078
0.816346
0.719681
0.751282
0.814936
0.860173
0.913827
0.809342
0.862141
0.802674
0.515901
0.782859
0.684979
0.596425
0.666044
0.720658
0.703724
0.449234
0.580767
0.863356
0.839335
0.687316
0.767806
0.681686
0.596817
0.831444
0.924019
0.575676
0.867428
0.92007
0.832378
0.867548
0.50801
0.662453
0.895948
0.741412
0.723827
0.698963
0.568389
0.692552
0.806181
0.843463
0.734786
0.933497
0.619294
0.854427
0.726885
0.894554
0.84212
0.800203
0.800372
0.723329
0.861163
0.548136
0.690827
0.73749
0.663174
0.741032
0.469193
0.70924
0.729485
0.537068
0.631229
0.656985
0.718914
0.887666
0.498866
0.777544
0.868929
0.920534
0.736556
0.721328
0.787713
0.657256
0.599953
0.712655
0.71194
0.638691
0.490751
0.697874
0.881726
0.482751
0.728034
0.662224
0.673698
0.750814
0.677093
