0.731602
0.885918
0.678496
0.856151
0.812489
0.885651
0.797857
0.388657
0.595114
0.706886
0.911519
0.725993
0.732602
0.908179
0.755206
0.818155
0.729509
0.638924
0.768921
0.846856
0.802065
0.628802
0.814962
0.510391
0.818158
0.60006
0.903637
0.766447
0.582304
0.708374
0.857164
0.777733
0.852468
0.644003
0.905909
0.709633
0.643551
0.668681
0.71135
0.562537
0.91065
0.567994
0.807607
0.890141
0.903386
0.464683
0.62694
0.681527
0.786499
0.616245
0.741195
0.884281
0.685492
0.797996
0.698955
0.546664
0.732995
0.920912
0.658657
0.802297
0.796932
0.776246
0.596543
0.768002
0.806181
0.776316
0.74166
0.615151
0.909201
0.797445
0.617745
0.797995
0.821372
0.782847
0.604855
0.518566
0.813811
0.616927
0.69094
0.783817
0.686255
0.610197
0.732261
0.604551
0.666083
0.430821
0.671722
0.699036
0.718817
0.805223
0.807956
0.847851
0.763885
0.81203
0.824953
0.84817
0.741098
0.679685
0.920699
0.715914
0.486418
0.813321
0.64702
0.655817
0.86651
0.642322
0.861254
0.425932
0.6559
0.692196
0.864521
0.459554
0.595821
0.586119
0.719866
0.589326
0.633907
0.571761
