0.214398
0.216333
0.21023
0.210594
0.211742
0.211787
0.212084
0.212527
0.201284
0.198359
0.198043
0.197711
0.197295
0.195676
0.198112
0.199319
0.200118
0.200867
0.203072
0.204672
0.202835
0.201036
0.201762
0.201753
0.196736
0.196546
0.2
0.207029
0.20807
0.20704
0.214471
0.207912
0.213928
0.211314
0.21398
0.206244
0.207964
0.206231
0.2081
0.207361
0.203406
0.20179
0.208663
0.205112
0.207038
0.206904
0.202668
0.201911
0.198614
0.200066
0.199829
0.198412
0.19781
0.201308
0.205903
0.210774
0.211206
0.213642
0.213174
0.212791
0.214391
0.206755
0.208073
0.210661
0.214932
0.213673
0.213327
0.216066
0.21692
0.215847
0.212322
0.205515
0.202318
0.201766
0.204861
0.203203
0.198605
0.201055
0.206935
0.204746
0.208155
0.210628
0.208696
0.20871
0.208464
0.204068
0.205164
0.208316
0.214216
0.215347
0.211927
0.212403
0.21836
0.223303
0.215898
0.215699
0.217772
0.210784
0.21492
0.215351
0.216897
0.212624
0.214711
0.212195
0.20853
0.209291
0.203335
0.205332
0.20401
0.206642
0.202385
0.212498
0.214973
0.215616
0.214714
0.213525
0.210498
0.215855
0.214127
0.218226
0.222385
0.223691
0.222842
0.22013
0.219182
0.215725
0.212423
0.219663
0.216865
0.21797
0.213459
0.214873
0.213204
0.218164
0.218549
0.216535
0.212758
0.213571
0.212499
0.210578
0.21544
0.225277
0.220182
0.214691
0.222375
0.222865
0.226967
0.219606
0.226077
0.224407
0.221347
0.218286
0.209732
0.214425
0.214997
0.222453
0.217238
0.217097
0.215531
0.214076
0.216239
0.221036
0.22446
0.222334
0.212122
0.22127
0.219953
0.219329
0.226656
0.219593
0.22432
0.222708
0.216967
0.215905
0.212556
0.215977
0.218947
0.212903
0.217031
0.219631
0.215851
0.220229
0.221038
0.221271
0.221284
0.222075
0.221425
0.227774
0.229297
0.223684
0.218407
0.224603
0.222519
0.217533
0.221725
0.221392
0.219375
0.211602
0.219624
0.216917
0.221846
0.221946
0.222758
0.219524
0.224943
0.222053
0.22911
0.229972
0.23097
0.22927
0.219037
0.224867
0.224168
0.223882
0.219712
0.221891
0.219031
0.220811
0.222169
0.225669
0.225293
0.223764
0.22738
0.219638
0.227285
0.225616
0.214251
0.212394
0.219572
0.225404
0.224339
0.222818
0.219987
0.219665
0.221327
0.217005
0.217994
0.219565
0.221904
0.217455
0.219874
0.22026
0.214147
0.229112
0.232294
0.231273
0.229411
0.235416
0.229549
0.228397
0.22644
0.215886
0.224013
0.22438
0.224117
0.222363
0.221456
0.233418
0.23434
0.226395
0.228792
0.226975
0.224478
0.226607
0.235137
0.232537
0.229092
0.218388
0.224224
0.225329
0.220107
0.224923
0.225148
0.229057
0.23616
0.238964
0.229148
0.237709
0.237105
0.229262
0.234017
0.232634
0.230449
0.232703
0.232805
0.2216
0.225023
0.226515
0.230866
0.240461
0.22968
0.239988
0.239234
0.239471
0.23506
0.231574
0.228746
0.229526
0.230287
0.234376
0.233419
0.232449
0.235349
0.234513
0.237209
0.220192
0.238369
0.241394
0.22808
0.240377
0.235316
0.238878
0.236542
0.23626
0.244717
0.239029
0.228704
0.236193
0.227135
0.238634
0.236742
0.242576
0.231333
0.242904
0.238302
0.244133
0.233457
0.235849
0.228977
0.228206
0.236176
0.235785
0.232324
0.226787
0.244103
0.242244
0.240909
0.242642
0.241441
0.239978
0.237154
0.24323
0.240976
0.233155
0.236209
0.235661
0.235166
0.232746
0.243999
0.239776
0.245289
0.234964
0.241619
0.239431
0.242837
0.233122
0.231287
0.235905
0.239906
0.240143
0.238633
0.24465
0.245571
0.244728
0.243649
0.24937
0.242431
0.238243
0.24432
0.240621
0.243809
0.246758
0.240295
0.239849
0.238213
0.24448
0.232208
0.224917
0.241046
0.244362
0.244233
0.252386
0.227582
0.244902
0.250347
0.245814
0.245829
0.243888
0.244753
0.250057
0.247116
0.244441
0.237023
0.2495
0.235136
0.247565
0.247651
0.237348
0.248759
0.249002
0.243041
0.248788
0.250535
0.254539
0.241749
0.248029
0.251321
0.244177
0.244513
0.237575
0.236215
0.2455
0.247262
0.247364
0.250839
0.234757
0.254589
0.261478
0.248399
0.25331
0.25507
0.236847
0.243819
0.248337
0.250263
0.253502
0.237076
0.262023
0.262874
0.259888
0.247911
0.256821
0.260705
0.257711
0.251374
0.25063
0.236054
0.248105
