0.227472
0.221209
0.219704
0.225161
0.222322
0.219016
0.218652
0.216968
0.224726
0.217995
0.218752
0.223201
0.218345
0.225794
0.228071
0.227467
0.219939
0.226745
0.22526
0.224863
0.220583
0.224506
0.225686
0.216959
0.222798
0.221277
0.221403
0.218743
0.220868
0.21958
0.214624
0.217157
0.220591
0.213782
0.21726
0.228029
0.227369
0.230119
0.23105
0.232616
0.232923
0.235687
0.228636
0.22731
0.226249
0.224721
0.223554
0.225085
0.226714
0.220039
0.21485
0.21963
0.233622
0.231221
0.226512
0.231347
0.227008
0.232573
0.234251
0.23012
0.224703
0.217945
0.22587
0.22011
0.227933
0.219985
0.225834
0.229913
0.232446
0.234312
0.238821
0.232152
0.237945
0.235724
0.227537
0.236646
0.228501
0.222258
0.231478
0.230754
0.230435
0.220411
0.237044
0.238226
0.239066
0.236042
0.236456
0.235861
0.239699
0.238036
0.222051
0.236845
0.227436
0.232088
0.232791
0.235918
0.235763
0.230047
0.21719
0.239731
0.240657
0.236036
0.223491
0.235595
0.237046
0.243322
0.241087
0.238536
0.229487
0.237368
0.236349
0.23446
0.234007
0.231011
0.243384
0.242118
0.23926
0.242892
0.236952
0.241464
0.240163
0.238186
0.230378
0.23555
0.235545
0.23637
0.238568
0.243306
0.242686
0.231811
0.233584
0.2417
0.240671
0.240962
0.235605
0.237061
0.229046
0.235437
0.236347
0.235604
0.24113
0.238507
0.240885
0.241302
0.243529
0.242607
0.243996
0.244817
0.240429
0.241469
0.232896
0.242322
0.239738
0.244458
0.247203
0.2434
0.244644
0.244144
0.2447
0.240194
0.243044
0.244835
0.240489
0.241164
0.233492
0.229776
0.240511
0.239098
0.240533
0.222155
0.24505
0.243788
0.244569
0.241571
0.250639
0.240365
0.251085
0.242964
0.237929
0.234977
0.241153
0.232414
0.241631
0.247147
0.238774
0.250545
0.23539
0.247509
0.245721
0.226382
0.240587
0.236871
0.246835
0.244492
0.239117
0.252879
0.246191
0.249888
0.255222
0.249126
0.251955
0.250009
0.24576
0.239196
0.243665
0.238427
0.242111
0.23855
0.241671
0.252204
0.235868
0.241255
0.261512
0.248239
0.254515
0.254817
0.243873
0.253132
0.245032
0.244948
0.251355
0.247696
0.253099
0.251841
0.26232
0.254885
0.260376
0.245727
0.2665
0.262455
0.261957
0.242922
0.25081
0.245975
0.247668
0.253342
0.253501
0.270803
0.261167
0.276555
0.269205
0.260918
0.26477
0.238818
0.251917
0.241729
0.233059
0.257284
0.260227
0.270961
0.280411
0.261744
0.272252
0.265851
0.263506
0.252437
0.240954
0.269294
0.272954
0.28042
0.280754
0.270922
0.287127
0.276049
0.264335
0.263238
0.263908
0.271039
0.283794
0.286207
0.284836
0.264036
0.29075
0.287692
0.286529
0.273039
0.270437
0.253787
0.250779
0.236669
0.296325
0.299923
0.27964
0.293714
0.273101
0.27879
0.284929
0.289074
0.289223
0.294675
0.307093
0.302834
0.281832
0.273073
0.275487
0.276184
0.299131
0.306757
0.314003
0.278813
0.299647
0.299763
0.293568
0.300247
0.283907
0.302807
0.310294
0.303057
0.330054
0.309701
0.293043
0.31319
0.304303
0.302522
0.304281
0.312975
0.331316
0.334924
0.333489
0.312243
0.310847
0.272419
0.315633
0.324249
0.333852
0.311178
0.335989
0.338943
0.336662
0.330752
0.313114
0.31747
0.345312
0.324173
0.325127
0.353088
0.352365
0.339652
0.319895
0.347736
0.315979
0.31308
0.318557
0.348275
0.345046
0.348973
0.35082
0.337702
0.360206
0.341836
0.331155
0.345911
0.344126
0.316784
0.359389
0.316082
0.363896
0.333048
0.341004
0.363642
0.323371
0.363475
0.367455
0.306833
0.381817
0.385418
0.380974
0.384576
0.395695
0.340634
0.368246
0.363244
0.371674
0.371401
0.361624
0.425489
0.348996
0.384411
0.340987
0.377884
0.361093
0.369403
0.388195
0.398378
0.378653
0.388308
0.43088
0.401604
0.396577
0.431087
0.406679
0.377362
0.415703
0.362125
0.41087
0.411584
0.412332
0.376983
0.450358
0.431436
0.444339
0.414321
0.393743
0.429674
0.438163
0.438614
0.457897
0.424705
0.420602
0.447281
0.46865
0.491617
0.450401
0.42161
0.438143
0.328117
0.4592
0.408115
0.521835
0.444046
0.472863
0.459924
0.448273
0.448282
0.448256
0.488795
0.473669
0.423567
0.496723
0.493421
0.471612
0.505121
0.580012
0.513416
0.417954
0.540478
0.52772
0.483086
0.568052
0.495371
0.469532
0.568183
0.540311
0.48377
0.519884
0.499595
0.568277
0.510794
0.644764
0.553295
0.61653
0.647094
0.59377
0.598262
0.620996
0.559804
0.531247
0.456961
0.65496
0.713929
0.717146
0.706299
0.544575
0.783134
0.752338
0.722845
0.602267
0.686622
0.748049
0.703577
0.69316
0.873234
0.730385
0.698034
0.811782
0.842708
0.755868
0.749608
0.809311
0.756737
0.811009
0.713319
0.767893
0.8724
0.781235
0.878693
0.88783
0.806878
0.829107
0.788796
0.849301
0.819928
0.823072
0.829539
0.835871
0.832071
0.767725
0.733335
0.672575
0.594716
0.787189
0.782216
0.741042
0.82519
0.849694
0.630052
0.817691
0.668649
0.752916
0.735295
0.73685
0.745381
0.587772
0.740854
0.711108
0.745635
0.730378
0.749718
0.715884
0.725167
0.836558
0.74839
0.824386
0.692732
0.654096
0.828191
0.631832
0.67208
0.65424
0.852185
0.790248
0.774117
0.768223
0.703996
0.769601
0.784761
0.787774
0.747627
0.722858
0.863749
0.719609
0.768316
0.904654
0.824166
0.861189
0.929251
0.914794
0.796382
0.613565
0.658753
0.786119
0.916066
0.782186
0.860981
0.781975
0.785553
0.567095
0.857421
0.909377
0.592423
0.747301
0.797153
0.757064
0.819023
0.783036
0.594419
0.835529
0.658676
0.930867
0.802817
0.444534
0.785832
0.867263
0.545158
0.723399
0.881764
0.773275
0.68959
0.765445
0.694382
0.771168
0.910113
0.521292
0.69843
0.906862
0.881783
0.753097
0.708311
0.619358
0.841889
0.571658
0.846868
0.662444
0.799982
0.902782
0.452564
0.7174
0.665034
0.817608
0.70402
0.819415
0.8802
0.698582
0.879593
0.923415
0.543655
0.814587
0.919903
0.554248
0.903243
0.753797
0.823796
0.53156
0.487162
0.656195
0.761956
0.781133
0.733464
0.722387
0.795419
0.679061
0.872627
0.888608
0.782648
0.55258
0.700363
0.780054
0.897008
0.769418
0.813198
0.525892
0.652844
0.708374
0.539458
0.876444
0.544114
0.568113
0.537112
0.844919
0.712649
0.495186
0.850116
0.90001
0.698657
0.775109
0.883227
0.720292
0.88253
0.616256
0.53565
0.621495
0.528736
0.919486
0.854383
0.438042
0.702731
0.551538
0.62377
0.5285
0.86323
0.617167
0.782276
0.858684
0.665544
