0.744443
0.792381
0.780657
0.777748
0.916356
0.791574
0.763882
0.720919
0.864798
0.70348
0.666155
0.551976
0.753696
0.852237
0.915675
0.803037
0.709942
0.668776
0.789037
0.927393
0.78369
0.791303
0.810758
0.890659
0.794382
0.381313
0.607046
0.62329
0.917531
0.601713
0.742802
0.910842
0.770247
0.902815
0.831506
0.703318
0.810374
0.693162
0.802695
0.849046
0.797461
0.785985
0.795865
0.565642
0.593628
0.553104
0.757804
0.856541
0.764785
0.657331
0.84587
0.79762
0.721388
0.674096
0.662743
0.707182
0.565965
0.706434
0.50724
0.869619
0.940547
0.920939
0.457475
0.629189
0.668901
0.571918
0.86163
0.643721
0.89912
0.669528
0.881808
0.634178
0.851146
0.796446
0.565952
0.831965
0.82229
0.652782
0.916152
0.862008
0.816723
0.522099
0.815971
0.836514
0.682669
0.867008
0.68328
0.792129
0.781362
0.576192
0.916383
0.629339
0.857619
0.804387
0.633883
0.880035
0.618536
0.7875
0.891282
0.519856
0.768787
0.65674
0.713106
0.455666
0.88393
0.891734
0.549081
0.920584
0.67207
0.932288
0.81621
0.819067
0.500306
0.77265
0.838125
0.727267
0.724151
0.608631
0.841541
0.604997
0.856269
0.610578
0.510801
0.74254
0.477204
0.657647
0.848853
0.474178
0.729632
0.931733
0.8991
0.754819
0.571634
