0.208223
0.205624
0.205785
0.203958
0.204246
0.206722
0.205752
0.207939
0.209469
0.208791
0.211371
0.210209
0.207379
0.207472
0.203116
0.201208
0.200336
0.199763
0.19534
0.196353
0.200713
0.201896
0.20142
0.202236
0.203549
0.199362
0.197962
0.196567
0.195652
0.194552
0.19571
0.192556
0.194794
0.195569
0.19656
0.19876
0.200688
0.203764
0.205033
0.202406
0.204287
0.204642
0.204016
0.205503
0.2033
0.209268
0.207662
0.205724
0.207399
0.207804
0.207557
0.203038
0.201474
0.196722
0.196246
0.195691
0.195583
0.197882
0.196819
0.198725
0.198825
0.197586
0.196937
0.194173
0.194114
