0.250892
0.244457
0.244728
0.236166
0.246926
0.236921
0.248419
0.24664
0.242257
0.250847
0.248255
0.250289
0.242967
0.250549
0.246993
0.253462
0.248388
0.239006
0.249601
0.238599
0.247205
0.236016
0.241672
0.232347
0.232397
0.250358
0.24136
0.251985
0.254527
0.256976
0.248576
0.25226
0.247962
0.254399
0.235936
0.244887
0.24172
0.247742
0.243124
0.239442
0.263973
0.261046
0.268744
0.26323
0.26057
0.26213
0.25294
0.252571
0.25209
0.226853
0.247633
0.250339
0.257349
0.269934
0.273731
0.271153
0.263208
0.249609
0.238565
0.250203
0.246683
0.240244
0.256242
0.262187
0.270856
0.274185
0.272146
0.257466
0.249475
0.234472
0.262453
0.268009
0.2597
0.264933
0.291109
0.275326
0.264575
0.279179
0.235968
0.270846
0.255704
0.270765
0.270913
0.261088
0.268106
0.249233
0.292452
0.290035
0.279554
0.264568
0.258618
0.278501
0.275794
0.239508
0.294311
0.286652
0.261403
0.296838
0.278903
0.273509
0.261359
0.283307
0.28612
0.287111
0.284879
0.268815
0.309147
0.302605
0.292486
0.270141
0.276333
0.278492
0.309756
0.3186
0.317855
0.297564
0.300658
0.293448
0.284747
0.287012
0.300668
0.314541
0.325804
0.323069
0.310379
0.315762
0.309509
0.301047
0.306575
0.306054
0.297471
0.314066
0.328673
0.330158
0.29847
0.314439
0.28366
0.315796
0.32308
0.332943
0.303158
0.333175
0.335134
0.33374
0.331796
0.317997
0.331003
0.310652
0.346155
0.33338
0.353463
0.328694
0.335549
0.31653
0.334789
0.334982
0.361467
0.325482
0.346922
0.342316
0.345219
0.35779
0.346177
0.348888
0.340953
0.362182
0.328443
0.342856
0.344408
0.328115
0.363843
0.378756
0.359012
0.365212
0.366385
0.310134
0.343252
0.382264
0.383032
0.367025
0.352112
0.345641
0.348044
0.377855
0.348126
0.374183
0.398861
0.420789
0.381066
0.399257
0.390273
0.386736
0.38018
0.363942
0.355028
0.393537
0.369985
0.420095
0.38932
0.386898
0.426671
0.415936
0.367519
0.394007
0.414409
0.460253
0.405502
0.408737
0.39809
0.382924
0.416806
0.396107
0.42332
0.423243
0.450146
0.425302
0.371627
0.436452
0.455648
0.40383
0.440515
0.413613
0.451728
0.435848
0.470475
0.424686
0.409907
0.527442
0.394986
0.460909
0.377166
0.437009
0.523311
0.41643
0.477079
0.500457
0.412528
0.47536
0.467524
0.470981
0.454916
0.496336
0.416386
0.433958
0.491297
0.509458
0.495746
0.490615
0.471261
0.512985
0.566019
0.489477
0.559122
0.555183
0.411171
0.578135
0.491649
0.542216
0.554065
0.560765
0.576227
0.659542
0.602688
0.61945
0.504729
0.551477
0.646781
0.76806
0.673514
0.607909
0.635893
0.758695
0.745159
0.667544
0.654249
0.669036
0.724965
0.79081
0.741202
0.722375
0.693411
0.692183
0.615487
0.631011
0.819401
0.777086
0.843251
0.834597
0.773898
0.845657
0.716763
0.872304
0.796415
0.853921
0.873257
0.804723
0.830563
0.816487
0.849538
0.839297
0.834974
0.815322
0.834268
0.831777
0.794825
0.725294
0.670356
0.599341
0.787567
0.713022
0.784663
0.819496
0.758458
0.710009
0.819349
0.687166
0.68223
0.742207
0.703891
0.741525
0.679955
0.740425
0.705832
0.674326
0.742482
0.757872
0.667252
0.702304
0.842397
0.745376
0.786692
0.695696
0.630824
0.829338
0.565367
0.649867
0.632431
0.687033
0.761233
0.808094
0.813059
0.736906
0.755401
0.807497
0.796313
0.811462
0.730046
0.864436
0.699093
0.787887
0.703423
0.87585
0.763186
0.905612
0.907542
0.720932
0.698479
0.64575
0.795733
0.832066
0.784276
0.854704
0.78165
0.88537
0.568343
0.712022
0.91731
0.691018
0.749329
0.794563
0.769207
0.812902
0.766356
0.604064
0.878722
0.801754
0.876846
0.759292
0.881517
0.778749
0.544414
0.793816
0.595276
0.893601
0.591803
0.634345
0.861744
0.685469
0.650559
0.661603
0.86848
0.534702
0.70239
0.718405
0.849696
0.722801
0.711537
0.558132
0.843601
0.571233
0.802703
0.650155
0.782228
0.897971
0.907994
0.765031
0.720689
0.702958
0.53654
0.741914
0.781498
0.706739
0.775151
0.667797
0.563849
0.757328
0.928483
0.650151
0.679226
0.919522
0.647916
0.83425
0.922993
0.592138
0.545337
0.921193
0.819311
0.664424
0.815687
0.687969
0.82242
0.886901
0.819586
0.608157
0.865164
0.804314
0.787253
0.78391
0.670316
0.847712
0.519191
0.670297
0.705645
0.673914
0.613029
0.439797
0.598615
0.848634
0.666459
0.600748
0.780818
0.563745
0.895739
0.763759
0.675263
0.877072
0.691039
0.681753
0.898657
0.728176
0.724455
0.778374
0.793098
0.571317
0.827521
0.817028
0.452769
0.912803
0.69566
0.522471
0.620985
0.73351
0.615262
0.771644
0.859269
0.594676
0.53151
0.754089
