0.213009
0.20914
0.211017
0.204526
0.203449
0.207887
0.203282
0.2003
0.202457
0.200012
0.201063
0.196696
0.196728
0.195587
0.196483
0.195099
0.199048
0.195123
0.195412
0.197361
0.199949
0.20506
0.202073
0.206344
0.205066
0.207004
0.205945
0.207492
0.207587
0.209011
0.213079
0.209791
0.207316
0.212381
0.211353
0.207729
0.206921
0.213274
0.213564
0.201131
0.199534
0.196152
0.197268
0.195684
0.198452
0.195355
0.197296
0.199742
0.19886
0.202527
0.203467
0.20438
0.200065
0.20221
0.197915
0.200816
0.19634
0.197729
0.196936
0.203786
0.207065
0.208564
0.212417
0.209117
0.211773
0.210031
0.213577
0.213311
0.208566
0.207695
0.208075
0.206706
0.203661
0.207062
0.209228
0.209165
0.2098
0.200085
0.200636
0.200957
0.198956
0.198544
0.199315
0.198205
0.197729
0.203373
0.210927
0.209373
0.206853
0.213933
0.214306
0.214519
0.215527
0.213234
0.213429
0.214445
0.213783
0.213284
0.216866
0.213561
0.205515
0.203135
0.199216
0.203377
0.203203
0.202759
0.20238
0.207607
0.210732
0.211244
0.209982
0.20741
0.207042
0.204525
0.211204
0.20698
0.210577
0.208428
0.210408
0.216082
0.210905
0.220024
0.223303
0.215079
0.218385
0.208145
0.2186
0.211513
0.215146
0.213205
0.213435
0.21136
0.21305
0.209357
0.204218
0.204608
0.209529
0.210192
0.208782
0.212916
0.215467
0.216573
0.212269
0.21315
0.213325
0.214372
0.218099
0.217749
0.21652
0.222641
0.215373
0.215352
0.215303
0.218653
0.217499
0.216834
0.214196
0.210814
0.215604
0.212582
0.215834
0.214021
0.218124
0.216005
0.215308
0.216202
0.217443
0.216567
0.224025
0.223736
0.218588
0.222684
0.219505
0.224694
0.221506
0.221309
0.221824
0.221366
0.218156
0.214497
0.213492
0.219567
0.222367
0.211997
0.217389
0.217347
0.211834
0.211982
0.220305
0.22162
0.225865
0.220378
0.222035
0.221191
0.223125
0.225905
0.216756
0.215894
0.221874
0.213652
0.220182
0.219527
0.21794
0.217954
0.213498
0.215683
0.216815
0.215638
0.220645
0.216102
0.221107
0.220521
0.218817
0.221743
0.222142
0.2286
0.22924
0.23037
0.214657
0.222988
0.222461
0.222043
0.223641
0.217665
0.206589
0.218433
0.222348
0.216864
0.223839
0.219923
0.223802
0.225244
0.225957
0.228331
0.229382
0.226094
0.221195
0.228484
0.226666
0.224928
0.228608
0.219584
0.219951
0.219582
0.224771
0.219171
0.222935
0.222308
0.225891
0.222522
0.222842
0.228103
0.229211
0.219769
0.226019
0.218114
0.220307
0.224697
0.224683
0.22179
0.222834
0.222138
0.221491
0.210678
0.21879
0.220935
0.220136
0.209705
0.220462
0.216082
0.217046
0.221474
0.227149
0.227329
0.228057
0.224867
0.229825
0.222113
0.234937
0.23007
0.226476
0.224757
0.227008
0.216746
0.226585
0.213997
0.22466
0.225384
0.234228
0.231086
0.224953
0.224586
0.236282
0.238855
0.238499
0.231527
0.225975
0.230126
0.219889
0.227918
0.221621
0.226441
0.230733
0.230347
0.23609
0.239312
0.231664
0.231821
0.240796
0.236338
0.226915
0.231853
0.232987
0.224311
0.230504
0.231945
0.232349
0.230039
0.221809
0.238746
0.236685
0.238577
0.237968
0.230299
0.240716
0.236361
0.235114
0.224233
0.235812
0.233975
0.235143
0.235296
0.235609
0.23922
0.237981
0.237849
0.234024
0.239845
0.241454
0.239381
0.238569
0.238277
0.231165
0.241378
0.23705
0.229985
0.230379
0.236938
0.231243
0.237789
0.234573
0.241291
0.232441
0.243282
0.23852
0.233153
0.239983
0.217494
0.23649
0.230039
0.236757
0.23855
0.235291
0.23985
0.242628
0.236422
0.241888
0.233277
0.243512
0.233123
0.231727
0.236331
0.235302
0.23546
0.238368
0.233427
