0.262586
0.289788
0.277832
0.270791
0.278763
0.238347
0.263831
0.260833
0.269028
0.252172
0.284149
0.287751
0.274507
0.29468
0.287769
0.286577
0.265272
0.271705
0.2584
0.25748
0.281886
0.288909
0.293066
0.294856
0.282902
0.282365
0.281169
0.285336
0.275999
0.289448
0.306885
0.309351
0.305957
0.290923
0.296788
0.281694
0.276318
0.272675
0.285242
0.31253
0.314691
0.297541
0.292531
0.291259
0.296586
0.268627
0.291768
0.317911
0.317407
0.322166
0.316964
0.31696
0.270762
0.307751
0.307726
0.318609
0.320148
0.313043
0.315356
0.324226
0.321324
0.311291
0.316981
0.284784
0.332326
0.330503
0.347182
0.28881
0.327325
0.303943
0.339472
0.331896
0.333242
0.334175
0.293062
0.351287
0.340653
0.33748
0.322045
0.341884
0.277745
0.290375
0.343131
0.334981
0.348236
0.350447
0.357107
0.352504
0.354877
0.357587
0.335945
0.349103
0.336291
0.336375
0.362882
0.346206
0.363482
0.357068
0.367348
0.361677
0.356139
0.372775
0.355123
0.362339
0.37581
0.371427
0.363914
0.350773
0.342615
0.367527
0.365251
0.341875
0.376923
0.396578
0.390634
0.306878
0.395255
0.366742
0.356052
0.393227
0.347966
0.410468
0.388047
0.397782
0.395959
0.369298
0.402235
0.363336
0.419019
0.40239
0.391999
0.432824
0.380309
0.396653
0.382071
0.440817
0.450328
0.428252
0.388882
0.408243
0.415513
0.358616
0.420759
0.39983
0.3761
0.420376
0.459927
0.45343
0.429927
0.455596
0.417961
0.423033
0.454265
0.413287
0.48933
0.429936
0.486214
0.409208
0.502302
0.469659
0.467575
0.426518
0.470112
0.442454
0.403432
0.438534
0.438452
0.421782
0.503568
0.4718
0.51413
0.497751
0.449816
0.379682
0.48728
0.509835
0.515788
0.465615
0.535776
0.536337
0.419878
0.436521
0.540998
0.461275
0.515564
0.533329
0.600824
0.591865
0.637697
0.563672
0.562451
0.64838
0.598486
0.590122
0.62205
0.620298
0.582036
0.589418
0.58139
0.638309
0.683944
0.601457
0.777746
0.713041
0.70675
0.649603
0.668949
0.733047
0.747809
0.734783
0.698672
0.716603
0.697498
0.700095
0.807995
0.84467
0.820723
0.731985
0.734247
0.830168
0.807558
0.844346
0.768879
0.871127
0.774813
0.82838
0.853745
0.803769
0.876133
0.805108
0.849428
0.839543
0.819053
0.82372
0.816054
0.830793
0.796419
0.730613
0.668268
0.594262
0.778171
0.708183
0.738431
0.804567
0.834841
0.718533
0.802273
0.706546
0.753347
0.764974
0.712639
0.745064
0.587381
0.692499
0.693095
0.737259
0.729823
0.746803
0.64412
0.724787
0.829196
0.663094
0.807447
0.692732
0.670325
0.833308
0.631514
0.676161
0.708289
0.614733
0.756574
0.868519
0.780097
0.79004
0.789294
0.798347
0.910376
0.926701
0.762872
0.808627
0.819444
0.866772
0.926664
0.888802
0.732418
0.923519
0.732612
0.85298
0.643102
0.6477
0.792736
0.867686
0.699414
0.878786
0.80812
0.913635
0.624231
0.501022
0.693052
0.914773
0.553633
0.745001
0.819477
0.76891
0.820767
0.731728
0.916805
0.798241
0.745901
0.913064
0.880217
0.911938
0.522006
0.536143
0.728349
0.611296
0.842445
0.638745
0.732519
0.904603
0.780306
0.68232
0.881516
0.729779
0.649648
0.815932
0.569182
0.697313
0.821002
0.608199
0.905983
0.469028
0.917789
0.500883
0.87871
0.44319
0.469302
0.743826
0.811734
0.886101
0.656096
0.859181
0.901537
0.613324
0.767038
0.928136
0.922999
0.636568
0.634429
0.738491
0.888341
0.859653
0.592913
0.534597
0.756
0.788971
0.733969
0.865404
0.678717
0.78355
0.843295
0.708992
0.57736
0.917974
0.621633
0.891995
0.721915
0.788013
0.760298
0.894857
0.606474
0.831733
0.43541
0.504556
0.884579
0.664226
0.900192
0.673386
0.552801
0.669892
0.729222
0.678449
0.626044
0.630841
0.806306
0.872144
0.501615
0.895313
0.646934
0.868761
0.919009
0.76449
0.700737
0.89225
0.717375
0.690612
0.602585
0.616461
0.426936
0.694925
0.863056
0.476617
0.495021
0.697702
0.846397
0.821173
0.530513
0.731303
0.582813
