0.226113
0.232526
0.236136
0.230315
0.238245
0.238849
0.234378
0.233349
0.2324
0.230383
0.231695
0.229648
0.231013
0.228098
0.228324
0.236717
0.234678
0.228082
0.22395
0.237234
0.223991
0.239973
0.238322
0.224248
0.234418
0.232221
0.234663
0.228483
0.236854
0.23839
0.2246
0.234864
0.228089
0.240436
0.233716
0.237793
0.227337
0.243065
0.222471
0.236641
0.235794
0.236012
0.241037
0.235408
0.232016
0.245037
0.243523
0.241755
0.238487
0.23985
0.216491
0.229495
0.238406
0.235676
0.238709
0.240505
0.242346
0.239573
0.245649
0.243407
0.237027
0.239547
0.231346
0.239234
0.235478
0.23569
0.233032
0.237086
0.233992
0.23651
0.239177
0.241488
0.228147
0.242677
0.24032
0.245352
0.229487
0.243128
0.242469
0.245637
0.240637
0.239023
0.241251
0.237425
0.239544
0.240175
0.241901
0.244837
0.231752
0.240961
0.248342
0.250671
0.23857
0.231924
0.243619
0.243006
0.240809
0.241223
0.230899
0.24448
0.237595
0.22035
0.242506
0.236972
0.248987
0.242039
0.247592
0.24328
0.251401
0.249861
0.241839
0.240542
0.235116
0.241514
0.24508
0.250057
0.224386
0.244665
0.237327
0.248287
0.224902
0.24379
0.249703
0.249112
0.240275
0.244511
0.242862
0.251646
0.24934
0.254539
0.250016
0.254304
0.250137
0.243295
0.22913
0.232744
0.23508
0.246477
0.234367
0.254009
0.247795
0.239018
0.241179
0.261318
0.239752
0.255126
0.241691
0.255046
0.236535
0.241365
0.251116
0.251693
0.24983
0.250865
0.264776
0.265055
0.265577
0.262364
0.262982
0.257954
0.236006
0.254549
0.24537
0.245375
0.246047
0.250397
0.248806
0.267587
0.271863
0.273196
0.256359
0.262403
0.245237
0.258362
0.242427
0.260231
0.25088
0.264284
0.271866
0.279568
0.269545
0.274123
0.264547
0.264799
0.242521
0.254132
0.254609
0.233405
0.269659
0.272283
0.276246
0.280005
0.284893
0.247851
0.261193
0.25565
0.243501
0.270931
0.272283
0.282913
0.287993
0.287883
0.275161
0.291444
0.287037
0.286321
0.271521
0.268305
0.269506
0.246897
0.279753
0.281871
0.294995
0.297482
0.298149
0.280703
0.277701
0.284096
0.281207
0.28611
0.274816
0.281079
0.298817
0.311327
0.306609
0.297998
0.295309
0.264621
0.262517
0.293269
0.296869
0.308711
0.312968
0.316763
0.288925
0.309708
0.285546
0.285296
0.301959
0.299616
0.304598
0.278027
0.321889
0.29593
0.313927
0.317409
0.306702
0.283762
0.306385
0.315299
0.313465
0.335702
0.331063
0.32712
0.321436
0.310895
0.309485
0.30236
0.329134
0.336645
0.342219
0.326337
0.335777
0.33946
0.331693
0.318411
0.338976
0.347243
0.305528
0.351845
0.330948
0.340568
0.334954
0.307584
0.355124
0.331567
0.354979
0.35484
0.3217
0.316167
0.324174
0.351491
0.352633
0.304273
0.332051
0.356148
0.361238
0.337228
0.348165
0.318253
0.340018
0.361061
0.373518
0.332199
0.356898
0.345902
0.370837
0.341353
0.369878
0.386228
0.360413
0.349294
0.399494
0.340043
0.362179
0.368377
0.341905
0.368536
0.368061
0.380868
0.352375
0.394297
0.354506
0.394723
0.392294
0.38312
0.407821
0.398116
0.382406
0.369832
0.38632
0.362494
0.423234
0.407826
0.412272
0.391287
0.39739
0.406832
0.389776
0.335696
0.429588
0.407287
0.414283
0.434469
0.41292
0.423689
0.452081
0.408057
0.406301
0.398692
0.455754
0.419279
0.413803
0.450788
0.516192
0.432416
0.464862
0.406072
0.399797
0.480227
0.443319
0.500843
0.362693
0.422842
0.437758
0.447957
0.424624
0.39322
0.472288
0.422498
0.450679
0.438284
0.409475
0.480693
0.438833
0.48601
0.476757
0.464287
0.530857
0.522234
0.481092
0.459323
0.587558
0.382127
0.472841
0.572655
0.509644
0.377306
0.515223
0.610277
0.440023
0.636314
0.585567
0.589166
0.562777
0.45704
0.632504
0.597919
0.653442
0.537704
0.522952
0.654618
0.790675
0.601088
0.631055
0.644078
0.752668
0.752337
0.688147
0.634559
0.620575
0.794993
0.628599
0.713139
0.694371
0.726213
0.718895
0.807995
0.838594
0.744154
0.744105
0.883314
0.771903
0.748479
0.721338
0.761447
0.870657
0.723301
0.869847
0.868098
0.753386
0.831304
0.79912
0.84818
0.828519
0.814753
0.808461
0.840255
0.828528
0.768284
0.729038
0.632913
0.605268
0.785631
0.7067
0.741074
0.824774
0.822216
0.685135
0.804142
0.645628
0.754776
0.743174
0.749118
0.64753
0.599075
0.700086
0.68515
0.712251
0.742144
0.750689
0.667147
0.712577
0.837058
0.757193
0.7868
0.695166
0.642087
0.843873
0.626641
0.677424
0.701361
0.533018
0.68385
0.857897
0.753567
0.824632
0.794236
0.731991
0.916514
0.789652
0.806697
0.718002
0.874959
0.689019
0.686679
0.806775
0.798855
0.843117
0.913979
0.659685
0.615212
0.624043
0.793503
0.864608
0.783463
0.844449
0.803674
0.885819
0.777196
0.528971
0.602428
0.631616
0.907226
0.683163
0.763209
0.797895
0.75542
0.820065
0.737538
0.916556
0.749969
0.820986
0.786126
0.851442
0.847173
0.918931
0.786078
0.794104
0.720884
0.534584
0.765302
0.85332
0.73955
0.657049
0.716578
0.784347
0.906418
0.818867
0.538029
0.870562
0.870801
0.753686
0.714204
0.647687
0.67025
0.713036
0.687081
0.710901
0.774128
0.921631
0.445115
0.69883
0.87452
0.583111
0.431512
0.605296
0.917503
0.87365
0.881311
0.687918
0.858724
0.918698
0.590117
0.756916
0.798778
0.680634
0.7384
0.917307
0.865305
0.888558
0.507347
0.635906
0.847224
0.747306
0.734762
0.816639
0.80779
0.662458
0.798649
0.842253
0.783179
0.915826
0.425934
0.75839
0.584912
0.920248
0.751808
0.558151
0.650924
0.505318
0.642317
0.833487
0.729094
0.529902
0.674005
0.53661
0.866657
0.564443
0.770072
0.634701
0.897517
0.744524
0.645726
0.884507
0.810575
0.665488
0.727177
0.771075
0.924341
0.856776
0.600394
0.685575
0.63329
0.44607
0.913361
0.803676
0.916119
0.876986
0.932175
0.58791
0.548367
0.565307
