0.844187
0.848714
0.836053
0.829983
0.87869
0.741694
0.846113
0.892786
0.722924
0.64736
0.587188
0.777752
0.786145
0.785031
0.812435
0.811528
0.66993
0.812364
0.708726
0.752916
0.732531
0.765354
0.693606
0.663761
0.748211
0.693026
0.750598
0.737382
0.777438
0.709242
0.692729
0.839008
0.763611
0.787488
0.695166
0.658517
0.829261
0.579444
0.650193
0.689023
0.689213
0.798112
0.813262
0.82952
0.706466
0.758134
0.788934
0.657633
0.824749
0.675946
0.864757
0.713597
0.787329
0.703837
0.884248
0.717744
0.823215
0.921177
0.738088
0.654014
0.642363
0.793297
0.926027
0.804301
0.898737
0.804269
0.902259
0.712159
0.841598
0.790342
0.933183
0.734895
0.821701
0.658206
0.813553
0.764862
0.740199
0.86632
0.665759
0.9045
0.865624
0.802246
0.541307
0.804585
0.570072
0.818703
0.768265
0.912737
0.795082
0.581125
0.925452
0.734369
0.724148
0.552037
0.681686
0.790136
0.502253
0.794705
0.665767
0.762313
0.860301
0.67129
0.919713
0.561871
0.858486
0.623059
0.42515
0.487683
0.727274
0.808306
0.712835
0.564892
0.772642
0.918525
0.67031
0.756819
0.745647
0.874983
0.881299
0.713836
0.763971
0.634158
0.654954
0.79991
0.592088
0.909026
0.826032
0.803316
0.857504
0.674035
0.808724
0.605202
0.85432
0.800406
0.638346
0.584223
0.842678
0.563632
0.4629
0.528923
0.669202
0.676345
0.662585
0.597311
0.718505
0.573086
0.770362
0.690391
0.571353
0.827956
0.900035
0.763884
0.839982
0.81166
0.76377
0.647766
0.862758
0.735047
0.862294
0.605809
0.70397
0.621399
0.687976
0.68936
0.430733
0.657578
0.900242
0.651397
0.79004
0.870094
0.58842
0.734366
0.743611
