0.241444
0.242145
0.24164
0.245475
0.245123
0.245447
0.24397
0.24933
0.244086
0.245469
0.239774
0.240555
0.245395
0.242837
0.226756
0.241444
0.245927
0.237142
0.240868
0.222155
0.242977
0.248383
0.241033
0.251268
0.241331
0.251401
0.249801
0.245814
0.245274
0.244799
0.249499
0.251375
0.247349
0.246299
0.244658
0.23974
0.243026
0.223949
0.245283
0.248367
0.249449
0.249807
0.235807
0.244082
0.250136
0.251842
0.255593
0.254539
0.254179
0.253364
0.237304
0.248032
0.236311
0.241709
0.241649
0.245433
0.239366
0.251662
0.24718
0.236692
0.250309
0.259644
0.255329
0.251684
0.25311
0.253895
0.236039
0.246652
0.241723
0.243919
0.253972
0.254422
0.2398
0.264593
0.269525
0.258868
0.255638
0.257046
0.262386
0.251572
0.249086
0.244707
0.248556
0.248912
0.250374
0.262977
0.272259
0.264673
0.275133
0.269258
0.268816
0.257522
0.258674
0.257118
0.257081
0.244802
0.242802
0.25494
0.264296
0.271172
0.27963
0.272221
0.256176
0.268047
0.247106
0.239933
0.261227
0.246017
0.263854
0.264757
0.28975
0.27537
0.279622
0.278601
0.261625
0.257211
0.260699
0.27309
0.283432
0.277207
0.29144
0.294262
0.292157
0.280351
0.254414
0.267896
0.252129
0.256593
0.271328
0.282294
0.282613
0.299131
0.298632
0.298041
0.280842
0.250605
0.270741
0.271688
0.272724
0.281646
0.292023
0.283604
0.305381
0.28019
0.303421
0.288542
0.268663
0.284691
0.289765
0.278313
0.27359
0.310466
0.304475
0.305158
0.292607
0.303093
0.287493
0.264067
0.309432
0.317707
0.319006
0.326089
0.309421
0.321649
0.304303
0.296414
0.293193
0.292005
0.324989
0.327066
0.329889
0.323178
0.317863
0.273131
0.31482
0.312095
0.332943
0.2851
0.343486
0.338619
0.335777
0.336331
0.307385
0.330621
0.305144
0.333367
0.358864
0.355541
0.313578
0.340446
0.341402
0.3344
0.312527
0.337111
0.351769
0.29896
0.277093
0.348013
0.346792
0.355555
0.353759
0.358127
0.322574
0.369436
0.360108
0.362621
0.351398
0.338159
0.307742
0.342705
0.374324
0.35674
0.29723
0.350952
0.325322
0.309596
0.379725
0.383929
0.371746
0.355941
0.368781
0.37952
0.373775
0.360053
0.370476
0.320842
0.37286
0.429562
0.37173
0.376196
0.348293
0.379433
0.386574
0.365776
0.391497
0.383024
0.386327
0.339144
0.405242
0.410656
0.397507
0.423316
0.425906
0.406633
0.384194
0.370275
0.416616
0.383906
0.415531
0.377197
0.394198
0.374243
0.390122
0.392197
0.398807
0.43148
0.407302
0.457375
0.439987
0.415756
0.457639
0.395064
0.394088
0.432087
0.460921
0.427954
0.470475
0.440262
0.483287
0.359951
0.505103
0.409986
0.446718
0.409165
0.500971
0.41626
0.477642
0.443897
0.502174
0.416365
0.483942
0.490553
0.438546
0.482654
0.494413
0.495722
0.409654
0.458705
0.438272
0.483456
0.503506
0.524082
0.570098
0.460243
0.517252
0.555271
0.501272
0.491486
0.51435
0.539817
0.555008
0.587569
0.584872
0.605572
0.575229
0.596324
0.655484
0.61054
0.700662
0.712171
0.765554
0.686986
0.664411
0.783215
0.711422
0.698259
0.595918
0.670281
0.797262
0.748919
0.758589
0.867164
0.710019
0.752509
0.791275
0.831329
0.778642
0.806188
0.790765
0.808714
0.837563
0.734017
0.77178
0.871385
0.822147
0.716552
0.879356
0.81606
0.830533
0.775995
0.849027
0.836178
0.810105
0.808157
0.842102
0.797322
0.756882
0.72624
0.65413
0.640101
0.737435
0.710452
0.787759
0.82532
0.80836
0.588837
0.815222
0.665373
0.753312
0.744088
0.793064
0.625421
0.592001
0.706612
0.694237
0.745423
0.740612
0.754608
0.653188
0.692743
0.682044
0.770962
0.81254
0.694529
0.577359
0.811515
0.632607
0.682423
0.721181
0.696883
0.767086
0.796295
0.806677
0.712767
0.759805
0.800117
0.656453
0.745619
0.669531
0.862271
0.707314
0.780551
0.499205
0.822666
0.844867
0.907468
0.800669
0.707023
0.665773
0.793817
0.775017
0.806533
0.714905
0.867873
0.812925
0.548778
0.645795
0.93058
0.931808
0.518622
0.644353
0.869547
0.891144
0.671761
0.772238
0.84448
0.787565
0.931066
0.863476
0.864753
0.79946
0.898302
0.77718
0.532851
0.763629
0.912737
0.701129
0.648226
0.850815
0.787334
0.818289
0.521027
0.863027
0.6832
0.679668
0.724436
0.80111
0.879962
0.874785
0.466298
0.917666
0.502578
0.86916
0.62305
0.727929
0.75129
0.746392
0.920358
0.684056
0.559834
0.763876
0.865645
0.921817
0.625016
0.917001
0.760894
0.796816
0.502116
0.893295
0.892265
0.838267
0.744954
0.721637
0.842148
0.671888
0.79214
0.844853
0.855534
0.75245
0.495228
0.80676
0.873315
0.754183
0.793321
0.732807
0.842673
0.866159
0.699261
0.845888
0.673263
0.496053
0.491185
0.458481
0.721231
0.711963
0.905928
0.463057
0.631108
0.796811
0.873056
0.733507
0.872124
0.708251
0.513789
0.879129
0.920896
0.750984
0.449034
0.775707
0.639236
0.69387
0.49663
0.829591
0.818096
0.435101
0.656761
0.748551
0.728825
0.543429
0.709536
0.934741
0.906648
0.722938
0.764321
