0.701028
0.891288
0.773603
0.933341
0.563749
0.852327
0.630094
0.709895
0.771659
0.899986
0.776108
0.860924
0.789038
0.889523
0.574492
0.622248
0.688333
0.779359
0.691971
0.76847
0.737638
0.847082
0.751869
0.813501
0.808614
0.701569
0.779442
0.733499
0.879424
0.915447
0.865098
0.552266
0.597608
0.577885
0.670036
0.55742
0.739628
0.864289
0.646302
0.755136
0.760137
0.729825
0.57484
0.705198
0.820585
0.668901
0.711645
0.778231
0.653437
0.921599
0.461566
0.649985
0.638791
0.476333
0.817149
0.899066
0.727929
0.677859
0.779946
0.90852
0.791664
0.595415
0.790198
0.924079
0.884988
0.704382
0.877537
0.763339
0.78334
0.885482
0.463011
0.668785
0.755638
0.739479
0.910196
0.773274
0.681496
0.801584
0.727052
0.477203
0.548555
0.767664
0.601477
0.778926
0.803843
0.748048
0.84407
0.516023
0.66118
0.704506
0.764255
0.559105
0.584774
0.564287
0.852181
0.700855
0.709431
0.49063
0.658028
0.864923
0.762139
0.38437
0.519936
0.888297
0.863171
0.696425
0.465026
0.556759
0.727622
0.682759
0.78326
0.643772
0.511337
0.60434
0.900343
0.662882
0.913533
0.585545
0.699002
0.823055
0.339963
0.677681
0.593632
0.682821
