0.23263
0.234412
0.23543
0.234319
0.239056
0.230097
0.233278
0.234464
0.224829
0.229132
0.220799
0.225942
0.221419
0.224955
0.225582
0.233398
0.236835
0.235887
0.236846
0.236206
0.237592
0.230817
0.224953
0.231659
0.231474
0.23238
0.218333
0.23387
0.22895
0.242477
0.238284
0.231694
0.236684
0.236616
0.240696
0.236428
0.238469
0.229337
0.233913
0.23272
0.236639
0.235263
0.239155
0.23485
0.218335
0.226337
0.241592
0.238657
0.239704
0.237629
0.230293
0.229137
0.237596
0.228534
0.227416
0.228266
0.239014
0.238396
0.230333
0.231732
0.243102
0.223968
0.240719
0.237679
0.240457
0.241391
0.238013
0.237631
0.223894
0.239381
0.235099
0.232041
0.236669
0.238896
0.242019
0.242903
0.239548
0.240045
0.240151
0.24041
0.237075
0.234806
0.236437
0.234742
0.241429
0.242551
0.237331
0.238499
0.238412
0.242623
0.237795
0.250005
0.22959
0.238772
0.238981
0.234682
0.241615
0.237073
0.241317
0.240012
0.238437
0.240411
0.238922
0.24324
0.244694
0.245234
0.237581
0.241909
0.246028
0.245024
0.242513
0.244245
0.246463
0.241968
0.236478
0.241537
0.225742
0.241061
0.244923
0.24387
0.24171
0.230292
0.239228
0.241871
0.249999
0.250507
0.249888
0.250899
0.246518
0.245318
0.246135
0.239276
0.245732
0.243831
0.24477
0.243818
0.250807
0.23539
0.247161
0.246211
0.24696
0.250657
0.226149
0.242711
0.237813
0.244467
0.245945
0.247009
0.253089
0.253211
0.24447
0.249579
0.251536
0.244638
0.23527
0.244658
0.241039
0.24657
0.233533
0.252698
0.244123
0.240401
0.246635
0.257511
0.255648
0.252044
0.241286
0.254382
0.243459
0.24308
0.244977
0.251182
0.250671
0.25481
0.264213
0.259664
0.266106
0.257063
0.257161
0.255837
0.25318
0.252055
0.251698
0.248811
0.248296
0.269365
0.256668
0.274755
0.266173
0.262267
0.260862
0.258429
0.254643
0.247403
0.228814
0.253117
0.262706
0.261902
0.276264
0.261006
0.273489
0.264472
0.258691
0.259545
0.269307
0.274879
0.269478
0.282632
0.28916
0.28551
0.277806
0.260996
0.270814
0.271249
0.273197
0.268251
0.288256
0.289335
0.292003
0.289962
0.286273
0.277925
0.268079
0.254396
0.246399
0.279006
0.283004
0.281314
0.257357
0.299269
0.293031
0.282522
0.278479
0.281115
0.284117
0.280259
0.270408
0.280625
0.309281
0.306784
0.271429
0.268063
0.272152
0.266007
0.279381
0.300991
0.310488
0.286091
0.302967
0.307691
0.286312
0.3027
0.298967
0.303824
0.316919
0.297168
0.317472
0.32129
0.288144
0.262072
0.306807
0.304193
0.300832
0.321892
0.325289
0.330004
0.323603
0.320739
0.284195
0.308097
0.262649
0.334168
0.297089
0.339438
0.330769
0.331237
0.323894
0.331082
0.342053
0.348738
0.358979
0.332621
0.340842
0.327056
0.328552
0.350074
0.311689
0.351216
0.334669
0.362205
0.352911
0.352622
0.33488
0.336456
0.332336
0.341105
0.356459
0.37486
0.323187
0.361929
0.353267
0.343431
0.362597
0.36373
0.334693
0.351476
0.356047
0.371173
0.338532
0.346488
0.362046
0.353656
0.372724
0.383629
0.328367
0.366519
0.362478
0.342644
0.324488
0.381571
0.400829
0.360761
0.392359
0.390689
0.342417
0.395839
0.390494
0.337908
0.35572
0.407896
0.399432
0.388401
0.40342
0.390916
0.421028
0.402926
0.416942
0.379244
0.386649
0.461872
0.401328
0.402438
0.417247
0.364747
0.450358
0.429791
0.439603
0.402623
0.404449
0.417565
0.424546
0.424126
0.455597
0.44068
0.451544
0.412211
0.455591
0.421927
0.484991
0.427978
0.45401
0.457193
0.474427
0.382487
0.440034
0.413687
0.523334
0.462583
0.46844
0.424773
0.459837
0.453586
0.438473
0.488318
0.466885
0.400339
0.482155
0.481928
0.484743
0.415413
0.441469
0.551133
0.513148
0.494187
0.509206
0.495854
0.523811
0.533019
0.457277
0.460751
0.534535
0.516978
0.427559
0.480276
0.519357
0.576752
0.636453
0.602725
0.576136
0.612852
0.614226
0.544347
0.621816
0.548051
0.53042
0.629982
0.631102
0.791956
0.711867
0.535289
0.587373
0.771685
0.611408
0.758468
0.682301
0.604593
0.62704
0.713941
0.626135
0.740866
0.764639
0.873382
0.693849
0.75438
0.779548
0.842067
0.744055
0.720023
0.884722
0.744276
0.836554
0.723521
0.800059
0.627925
0.824635
0.876141
0.88668
0.815045
0.829077
0.742441
0.84916
0.806584
0.850618
0.788832
0.873066
0.788435
0.834528
0.754799
0.73012
0.660936
0.681426
0.803919
0.786097
0.739188
0.805048
0.835002
0.597298
0.815457
0.703529
0.73185
0.735295
0.907
0.813337
0.852796
0.893576
0.803259
0.839764
0.788134
0.822953
0.915209
0.836437
0.881156
0.823617
0.757681
0.800253
0.692732
0.617213
0.832889
0.616881
0.671645
0.706183
0.684524
0.776686
0.807451
0.742235
0.732469
0.756382
0.790054
0.787385
0.795764
0.712657
0.874177
0.713545
0.788764
0.532804
0.716332
0.864624
0.933846
0.761197
0.846951
0.689938
0.629716
0.793117
0.910053
0.777209
0.85315
0.784125
0.858709
0.647745
0.823396
0.91705
0.587665
0.747962
0.808517
0.756769
0.820424
0.809665
0.655826
0.839016
0.653924
0.899332
0.697932
0.865647
0.505175
0.820995
0.932429
0.732622
0.536708
0.739829
0.904275
0.7528
0.674968
0.59425
0.847276
0.539552
0.620836
0.689977
0.773936
0.563079
0.874789
0.448097
0.883681
0.499771
0.821081
0.86886
0.393193
0.452277
0.755127
0.878509
0.892609
0.601961
0.826237
0.519604
0.674656
0.638072
0.843214
0.869994
0.923928
0.894436
0.931289
0.563349
0.659511
0.82864
0.80838
0.647551
0.618679
0.723894
0.622761
0.704001
0.798652
0.804973
0.708532
0.562259
0.835814
0.628762
0.889971
0.818751
0.83646
0.743607
0.91073
0.573099
0.618457
0.866634
0.572262
0.659042
0.825323
0.716758
0.553131
0.606341
0.624837
0.714117
0.551213
0.923005
0.662366
0.771748
0.8247
0.92612
0.623035
0.919964
0.734064
0.74661
0.922901
0.753218
0.458767
0.880601
0.667153
0.63912
0.612607
0.508732
0.904379
0.740686
0.538767
0.71757
0.600434
0.832148
0.780639
0.875363
0.59685
0.494634
0.580148
