0.914741
0.667622
0.692729
0.834221
0.663339
0.786695
0.702059
0.667889
0.812312
0.629535
0.671562
0.701403
0.505537
0.771674
0.82051
0.761071
0.805101
0.80464
0.776022
0.911352
0.778626
0.820475
0.661479
0.8635
0.714933
0.782477
0.877292
0.895506
0.723528
0.933911
0.836163
0.701458
0.707621
0.660781
0.793902
0.756632
0.848528
0.768774
0.899797
0.846484
0.897266
0.611357
0.622538
0.916756
0.928417
0.886521
0.854862
0.872514
0.889358
0.864454
0.743873
0.793918
0.664383
0.931332
0.518332
0.623474
0.522029
0.786921
0.562504
0.782723
0.55108
0.767443
0.863471
0.653858
0.661158
0.651036
0.819427
0.907908
0.795957
0.924068
0.870742
0.734204
0.717711
0.637807
0.706466
0.725705
0.829894
0.709409
0.924867
0.71448
0.917827
0.545574
0.614762
0.852853
0.706836
0.465165
0.686662
0.873127
0.763615
0.763938
0.837485
0.776585
0.540592
0.777368
0.822813
0.791983
0.826372
0.917623
0.749039
0.725381
0.926543
0.636863
0.589192
0.911523
0.757731
0.847888
0.619104
0.746304
0.539063
0.898367
0.844299
0.693589
0.784506
0.541546
0.54824
0.792803
0.825594
0.554897
0.799336
0.790677
0.687028
0.506311
0.895473
0.659427
0.80688
0.649802
0.751429
0.484413
0.874842
0.802389
0.588799
0.845691
0.87927
0.737448
0.855754
0.611796
0.865218
0.582695
0.730753
0.925946
0.553805
0.6073
0.771846
0.644636
0.851565
0.462664
0.921864
0.85934
0.520978
0.695629
0.92163
0.780513
0.830607
0.871943
0.595525
0.661523
0.594364
