0.260839
0.267415
0.26616
0.261187
0.256832
0.25759
0.252861
0.248708
0.250264
0.252183
0.254637
0.264594
0.260856
0.274166
0.272438
0.257164
0.264787
0.256617
0.257222
0.24578
0.240376
0.25736
0.26426
0.280113
0.28166
0.272711
0.270187
0.266536
0.255905
0.263078
0.257154
0.264546
0.268737
0.274349
0.276131
0.269408
0.262128
0.275647
0.277177
0.269156
0.254947
0.273118
0.279726
0.287514
0.283143
0.25173
0.259853
0.273964
0.278176
0.263248
0.267027
0.228138
0.279529
0.285285
0.288931
0.299846
0.297233
0.284898
0.273509
0.271637
0.268032
0.263403
0.289929
0.291052
0.295321
0.300698
0.265106
0.2909
0.274749
0.286403
0.294066
0.301036
0.293024
0.303998
0.307991
0.307805
0.292077
0.297924
0.301064
0.302908
0.2766
0.315499
0.30323
0.327174
0.308374
0.318324
0.312579
0.269998
0.28706
0.287132
0.300232
0.327275
0.32977
0.327343
0.32165
0.319382
0.310243
0.314959
0.327025
0.336996
0.310413
0.340406
0.341412
0.303434
0.336219
0.286936
0.333769
0.324744
0.333811
0.343505
0.307114
0.338158
0.331948
0.346852
0.354285
0.363698
0.355162
0.348258
0.345082
0.349073
0.297316
0.314044
0.358309
0.341978
0.36048
0.336355
0.357177
0.361866
0.357783
0.356913
0.323868
0.374135
0.321832
0.347159
0.371484
0.317462
0.365372
0.379183
0.374005
0.378238
0.351039
0.356291
0.37686
0.35267
0.340557
0.364556
0.360509
0.357887
0.383666
0.394562
0.367314
0.389359
0.369284
0.345854
0.404513
0.404168
0.371109
0.408802
0.397911
0.385787
0.421351
0.424992
0.405997
0.376997
0.328443
0.392004
0.455482
0.398614
0.420104
0.412399
0.406816
0.410113
0.40408
0.423299
0.349589
0.383267
0.463753
0.394291
0.410433
0.459979
0.402312
0.453667
0.45373
0.437679
0.470938
0.426757
0.463347
0.41207
0.456807
0.418163
0.412597
0.426685
0.471711
0.511206
0.430631
0.483792
0.429551
0.502893
0.474433
0.486892
0.454959
0.460553
0.449117
0.435326
0.507577
0.466975
0.505839
0.602577
0.473633
0.416979
0.535606
0.514856
0.507177
0.480615
0.49488
0.542673
0.435565
0.542434
0.5689
0.449953
0.443654
0.56985
0.483724
0.547631
0.563607
0.514904
0.660414
0.474737
0.600407
0.653896
0.464388
0.631416
0.704974
0.725985
0.548018
0.530801
0.624835
0.74725
0.716891
0.580922
0.667346
0.7956
0.745164
0.750941
0.86608
0.701436
0.618914
0.829433
0.783708
0.8034
0.722071
0.740488
0.780113
0.837752
0.669186
0.866128
0.704714
0.851767
0.875045
0.810866
0.869408
0.812174
0.84779
0.839318
0.796017
0.816482
0.877898
0.922026
0.836768
0.771935
0.727187
0.678537
0.587632
0.73911
0.79232
0.787309
0.802459
0.773492
0.605619
0.814911
0.710183
0.67864
0.764585
0.752028
0.666355
0.68269
0.741194
0.724402
0.729908
0.735435
0.748916
0.688474
0.692743
0.643244
0.758659
0.800088
0.692732
0.585679
0.827814
0.576461
0.656096
0.675979
0.875684
0.782006
0.803111
0.739415
0.706759
0.760392
0.78599
0.787472
0.821414
0.722472
0.816708
0.716091
0.782544
0.70083
0.878482
0.73669
0.912281
0.580012
0.863772
0.681346
0.658585
0.791155
0.834607
0.776742
0.859765
0.820847
0.794806
0.370476
0.717013
0.82447
0.790507
0.515531
0.740324
0.801342
0.855986
0.827263
0.872164
0.622481
0.804158
0.694283
0.790389
0.930925
0.872552
0.825417
0.77516
0.781274
0.894089
0.594181
0.743308
0.905285
0.646279
0.738377
0.743547
0.863929
0.914128
0.655785
0.770519
0.515173
0.66312
0.660341
0.705803
0.802835
0.822481
0.780198
0.878046
0.909657
0.732916
0.915953
0.477473
0.804782
0.600591
0.682325
0.863525
0.700071
0.927027
0.906196
0.680473
0.543154
0.780866
0.594754
0.756225
0.825204
0.652528
0.583347
0.712473
0.770208
0.779814
0.661078
0.707101
0.842643
0.661927
0.773166
0.754953
0.825087
0.915314
0.890164
0.786504
0.616405
0.801376
0.825427
0.605362
0.867544
0.532868
0.888323
0.520291
0.710049
0.725197
0.773774
0.462158
0.868119
0.727093
0.46346
0.848553
0.618685
0.844257
0.859303
0.492798
0.679683
0.920362
0.725987
0.740666
0.91991
0.791844
0.61931
0.810579
0.817947
0.64457
0.495709
0.651579
0.753125
0.915578
0.546666
0.570935
0.692931
0.604327
0.862901
0.725547
0.8553
0.550787
