0.350807
0.441579
0.444951
0.435785
0.455974
0.40799
0.393966
0.467427
0.442123
0.439857
0.448755
0.465738
0.488447
0.460077
0.455054
0.418467
0.471671
0.413548
0.447972
0.457718
0.463891
0.476759
0.463244
0.497947
0.505822
0.497647
0.476368
0.496778
0.531832
0.493987
0.513176
0.536918
0.54881
0.489993
0.536477
0.570033
0.566639
0.486447
0.515627
0.603731
0.487968
0.647554
0.572147
0.567356
0.601992
0.59288
0.579561
0.609144
0.593786
0.628974
0.703126
0.743623
0.686697
0.646475
0.73001
0.692639
0.679374
0.682423
0.670852
0.77102
0.710967
0.822497
0.74095
0.732574
0.750541
0.75808
0.827121
0.8077
0.761694
0.722676
0.884086
0.775067
0.839831
0.670884
0.797391
0.704894
0.85069
0.868912
0.784881
0.830266
0.766897
0.846653
0.827511
0.823267
0.823751
0.830731
0.833055
0.714653
0.727596
0.634623
0.604883
0.788673
0.763488
0.789395
0.804567
0.836943
0.604546
0.815496
0.714174
0.764737
0.742243
0.796261
0.624482
0.540883
0.740723
0.719059
0.716084
0.56538
0.753171
0.688474
0.729269
0.841332
0.770422
0.81332
0.692715
0.676764
0.828299
0.618444
0.667111
0.637014
0.855552
0.791781
0.80928
0.808503
0.704169
0.761436
0.808513
0.775233
0.828154
0.713535
0.870691
0.714635
0.665349
0.70131
0.881209
0.775933
0.919476
0.751709
0.854547
0.631898
0.629692
0.792978
0.926143
0.838193
0.855409
0.779177
0.886013
0.936921
0.487663
0.567159
0.707548
0.928657
0.64615
0.515397
0.824789
0.643522
0.700061
0.81367
0.738275
0.682001
0.767032
0.746495
0.870125
0.885857
0.806963
0.894501
0.528692
0.803258
0.931118
0.53756
0.779254
0.903629
0.658842
0.577211
0.743575
0.672588
0.911621
0.663074
0.720927
0.692939
0.735033
0.779724
0.648809
0.921568
0.445913
0.917826
0.553882
0.787129
0.732045
0.728252
0.682908
0.838447
0.836409
0.593146
0.782464
0.920663
0.592819
0.676882
0.919062
0.906576
0.819033
0.696772
0.846033
0.796806
0.657768
0.613909
0.686557
0.819719
0.668591
0.648023
0.741602
0.849619
0.783472
0.753141
0.451976
0.814712
0.617646
0.653915
0.656982
0.62918
0.732111
0.848356
0.688813
0.748419
0.7307
0.595037
0.575066
0.599875
0.865744
0.683031
0.503274
0.681974
0.625705
0.909291
0.735614
0.646203
0.625296
0.920505
0.736874
0.721391
0.609372
0.61561
0.605779
0.565555
0.621325
0.677207
0.428044
0.662882
0.487758
0.643578
0.704995
0.733996
0.845433
0.395516
0.682881
0.575839
0.743095
