0.793345
0.820896
0.89248
0.925734
0.703607
0.881684
0.763998
0.923567
0.75839
0.852456
0.657246
0.628678
0.785855
0.8735
0.775305
0.82444
0.785508
0.880178
0.759644
0.509189
0.660225
0.840046
0.91576
0.694395
0.73451
0.829291
0.64858
0.786816
0.817405
0.73723
0.917443
0.810423
0.689894
0.68035
0.858651
0.861147
0.92731
0.873645
0.786469
0.560383
0.718948
0.538714
0.727006
0.848115
0.825851
0.838153
0.794239
0.79369
0.515176
0.787951
0.858267
0.683274
0.463232
0.803424
0.611545
0.921511
0.447268
0.650177
0.522889
0.819547
0.616295
0.541307
0.745723
0.713554
0.910662
0.577209
0.859127
0.927364
0.922995
0.691968
0.757915
0.754965
0.82858
0.927014
0.61125
0.489891
0.902262
0.895003
0.814702
0.586971
0.696179
0.79417
0.862035
0.672429
0.790339
0.843217
0.877545
0.869107
0.932653
0.602038
0.772566
0.853014
0.924285
0.616297
0.760225
0.486001
0.495478
0.672724
0.602071
0.844271
0.712302
0.639666
0.670208
0.471222
0.905118
0.802892
0.728486
0.851331
0.678625
0.809619
0.7422
0.69878
0.543807
0.837466
0.924338
0.722555
0.61508
0.619212
0.608615
0.874742
0.860019
0.425902
0.721148
0.61201
0.461961
0.589398
0.908048
0.822446
0.784409
0.610101
0.567795
