0.202467
0.20886
0.209524
0.210475
0.211116
0.211236
0.214527
0.213059
0.213832
0.211758
0.209716
0.216673
0.211755
0.21272
0.205515
0.204261
0.200756
0.204917
0.202834
0.198602
0.200972
0.207272
0.207714
0.209874
0.210079
0.206985
0.207296
0.204738
0.211495
0.206338
0.202908
0.208681
0.214928
0.216161
0.219092
0.218853
0.218704
0.215353
0.212196
0.215488
0.21192
0.21429
0.215519
0.211368
0.215862
0.215344
0.212514
0.211931
0.211264
0.212045
0.209383
0.20541
0.206637
0.207842
0.208468
0.215067
0.216941
0.211798
0.214252
0.213009
0.212859
0.216514
0.217529
0.217218
0.224661
0.217658
0.213267
0.216291
0.214199
0.218069
0.214687
0.213738
0.218051
0.209276
0.210985
0.214866
0.208869
0.216633
0.210776
0.206759
0.21449
0.21286
0.208335
0.215433
0.220738
0.221353
0.221748
0.221883
0.214337
0.221397
0.221053
0.226844
0.21821
0.226535
0.219298
0.219268
0.21833
0.214907
0.215227
0.218742
0.216724
0.217409
0.216274
0.213106
0.217125
0.215246
0.220754
0.224397
0.228331
0.223337
0.223642
0.220981
0.223095
0.225612
0.228857
0.216702
0.220357
0.221109
0.216916
0.220819
0.214844
0.21794
0.218901
0.214127
0.213827
0.216007
0.216154
0.220261
0.213799
0.220707
0.209533
0.225343
0.228898
0.229434
0.228424
0.225552
0.221857
0.220251
0.225342
0.222605
0.215646
0.219522
0.218602
0.216969
0.222397
0.222147
0.223751
0.219883
0.221798
0.226685
0.224009
0.228194
0.226989
0.22345
0.221117
0.224397
0.225866
0.222792
0.222606
0.218439
0.222874
0.220763
0.225158
0.217931
0.215943
0.2247
0.222595
0.228448
0.219524
0.227303
0.228156
0.226629
0.221294
0.220508
0.224348
0.223642
0.221564
0.222812
0.222138
0.219485
0.221627
0.218013
0.220136
0.220933
0.221322
0.218872
0.215167
0.209702
0.220033
0.227369
0.231087
0.231963
0.231996
0.232597
0.228016
0.227485
0.223607
0.222515
0.223407
0.226352
0.222442
0.22409
0.224725
0.234052
0.231723
0.2284
0.225824
0.235967
0.239204
0.2384
0.233789
0.228368
0.230297
0.223229
0.229115
0.217703
0.225741
0.222139
0.2125
0.222462
0.227427
0.235053
0.236476
0.237302
0.240012
0.239765
0.237413
0.226915
0.23498
0.225393
0.232095
0.22898
0.218195
0.225793
0.228378
0.22902
0.235489
0.238965
0.225232
0.238385
0.223875
0.235243
0.235798
0.233165
0.238286
0.224348
0.235093
0.231356
0.230908
0.229095
0.234942
0.237219
0.2377
0.238337
0.233473
0.241534
0.225408
0.23563
0.235136
0.241282
0.225769
0.238554
0.234355
0.232614
0.241792
0.238144
0.240829
0.240013
0.24199
0.232476
0.243233
0.240947
0.239489
0.237351
0.237076
0.24063
0.236975
0.238522
0.236634
0.239947
0.224725
0.242284
0.236051
0.242202
0.241463
0.240411
0.23813
0.232375
0.230957
0.235397
0.236793
0.229323
0.242201
0.235724
0.23956
0.245426
0.248219
0.241703
0.240153
0.244945
0.240659
0.233935
0.239218
0.238314
0.242877
0.239946
0.234479
0.228516
0.243693
0.245717
0.238961
0.235147
0.242003
0.237571
0.231489
0.23922
0.219779
0.233618
0.244906
0.241686
0.239569
0.241624
0.243625
0.245562
0.244993
0.251325
0.249494
0.251351
0.250987
0.24486
0.242408
0.229362
0.241852
0.2452
0.246311
0.239045
0.223272
0.237317
0.249506
0.225171
0.248339
0.250262
0.247108
0.249273
0.248526
0.245651
0.248744
0.253552
0.250646
0.253211
0.252534
0.249933
0.245282
0.242288
0.240521
0.243374
0.246818
0.238473
0.250989
0.250689
0.246746
0.257048
0.254649
0.25511
0.247559
0.255062
0.234811
0.247291
0.245599
0.25285
0.245263
0.245199
0.253667
0.262945
0.258416
0.264819
0.264108
0.261453
0.260836
0.250394
0.25144
0.251994
0.226881
0.247334
0.252858
0.251459
0.249701
0.268266
0.273761
0.271034
0.262946
0.262399
0.226446
0.255016
0.24442
0.240913
0.25535
0.267663
0.279737
0.261005
0.252195
0.269595
0.242853
0.263309
0.261226
0.268221
0.254256
0.269476
0.291445
0.2795
0.283793
0.277154
0.265021
0.255375
0.242068
0.270312
0.259736
0.284814
0.288442
0.266094
0.293393
0.288067
0.26656
0.265035
0.245337
0.235613
0.274358
0.272103
0.298654
0.301131
0.298071
0.293777
0.268007
0.281603
0.257268
0.278338
0.289102
0.300081
0.300002
0.309367
0.249306
0.271609
0.286901
0.277544
0.283432
0.290854
0.30687
0.314476
0.316763
0.294008
0.304858
0.288786
0.295822
0.286921
0.273819
0.278349
0.311963
0.302075
0.311672
0.292083
0.299009
0.307663
0.310747
0.305886
0.309518
0.299176
0.330216
0.329246
0.321196
0.315598
0.306502
0.304997
0.329134
0.313491
0.315699
0.341088
0.336357
0.339428
0.31118
0.330871
0.341787
0.33835
0.304735
0.33923
0.324961
0.318466
0.334268
0.338939
0.341606
0.341172
0.353419
0.348194
0.359665
0.348675
0.351892
0.317491
0.353289
0.342722
0.344037
0.361706
0.354149
0.324674
0.320325
0.364802
0.338761
0.361451
0.364666
0.374417
0.364222
0.297715
0.320621
0.368143
0.30129
0.321153
0.380901
0.319105
0.364892
0.39813
0.340175
0.378022
0.365039
0.348661
0.371408
0.394913
0.375026
0.353694
0.400323
0.364601
0.38622
0.400472
0.381719
0.363818
0.394402
0.390711
0.400619
0.400543
0.423321
0.426255
0.378822
0.419452
0.390045
0.41521
0.45201
0.394936
0.402883
0.396993
0.364111
0.429578
0.376309
0.446668
0.420973
0.412774
0.409691
0.418635
0.418565
0.439816
0.423681
0.453022
0.396475
0.453862
0.370479
0.489677
0.432739
0.455529
0.403021
0.516792
0.414839
0.468792
0.470553
0.518273
0.431393
0.473844
0.371962
0.488399
0.446918
0.42934
0.438791
0.434978
0.42683
0.440181
0.421098
0.45163
0.474947
0.492484
0.453925
0.376141
0.416295
0.508874
0.487341
0.478389
0.460002
0.566144
0.486641
0.514254
0.594832
0.536644
0.459512
0.576423
0.368731
0.54834
0.501145
0.576863
0.652133
0.579069
0.608229
0.557106
0.575692
0.547345
0.567079
0.793739
0.685132
0.567601
0.632818
0.788918
0.695803
0.684179
0.696137
0.751662
0.819131
0.700557
0.86558
0.748354
0.753144
0.772182
0.839363
0.744289
0.691759
0.827612
0.767448
0.837727
0.690301
0.78978
0.744981
0.823451
0.7945
0.873498
0.81692
0.864979
0.793222
0.849538
0.804089
0.819924
0.782432
0.878157
0.9229
0.822131
0.791482
0.730683
0.665421
0.62784
0.737217
0.783829
0.782329
0.79521
0.774278
0.644943
0.809735
0.70894
0.752884
0.726765
0.714932
0.625979
0.581681
0.694504
0.705895
0.732115
0.724342
0.840773
0.90134
0.653084
0.729247
0.840957
0.761908
0.811508
0.69507
0.606293
0.816929
0.596912
0.67208
0.708908
0.656954
0.683055
0.819675
0.753567
0.763526
0.807125
0.77244
0.921559
0.796742
0.826063
0.720316
0.876574
0.715806
0.788898
0.697932
0.871885
0.761688
0.912957
0.712556
0.845271
0.664527
0.655247
0.794097
0.914208
0.770752
0.790171
0.816635
0.887971
0.419752
0.728929
0.768789
0.931211
0.74072
0.898025
0.75399
0.816556
0.783301
0.622001
0.78827
0.828897
0.786066
0.930994
0.594472
0.742439
0.440766
0.787077
0.570153
0.405339
0.815487
0.904427
0.649959
0.667032
0.815133
0.86343
0.913199
0.644613
0.512297
0.861468
0.708854
0.602071
0.696514
0.766312
0.940708
0.843849
0.466105
0.721225
0.706048
0.582046
0.832186
0.448453
0.771314
0.877685
0.860019
0.701995
0.761341
0.903432
0.561231
0.832338
0.845771
0.660751
0.708601
0.714916
0.89205
0.486683
0.90565
0.892265
0.785355
0.712763
0.923291
0.777067
0.802422
0.665465
0.776327
0.736537
0.843235
0.646151
0.827886
0.646908
0.853435
0.435833
0.651011
0.612471
0.895646
0.776523
0.620119
0.716066
0.552495
0.685502
0.703084
0.469473
0.680076
0.596338
0.918914
0.748134
0.488135
0.915099
0.623144
0.741487
0.698629
0.664348
0.922504
0.729875
0.431386
0.935522
0.75157
0.619047
0.708383
0.715822
0.43825
0.679764
0.631043
0.854972
0.609163
0.651619
0.839403
0.854847
0.683644
0.76705
0.806624
