0.463268
0.42087
0.496106
0.472397
0.51421
0.449553
0.603029
0.421014
0.476293
0.518677
0.524532
0.480906
0.568975
0.564574
0.502639
0.537294
0.562915
0.500035
0.499789
0.479972
0.489288
0.635364
0.647587
0.584825
0.566275
0.451188
0.627756
0.570453
0.592696
0.62211
0.537653
0.591861
0.534299
0.557818
0.60309
0.621107
0.647065
0.593127
0.578137
0.763836
0.631117
0.806191
0.677981
0.630224
0.746652
0.686889
0.814863
0.705621
0.692278
0.651787
0.671676
0.826792
0.808729
0.837626
0.792444
0.712362
0.829327
0.708709
0.853142
0.751623
0.823805
0.876177
0.869046
0.826071
0.759604
0.88949
0.786984
0.849365
0.816504
0.85125
0.830792
0.876475
0.929928
0.8368
0.744582
0.717994
0.633006
0.730883
0.74061
0.793666
0.741202
0.818886
0.8321
0.719791
0.815629
0.666534
0.68559
0.729879
0.713395
0.647013
0.538998
0.734475
0.741021
0.733044
0.712124
0.750107
0.71072
0.724948
0.667557
0.665165
0.806045
0.692747
0.670313
0.821589
0.639022
0.658562
0.647657
0.62274
0.689645
0.87219
0.782277
0.815317
0.786799
0.777663
0.835473
0.789539
0.814616
0.67613
0.867793
0.707846
0.782536
0.573323
0.810278
0.680335
0.864074
0.916482
0.790682
0.660617
0.693154
0.793384
0.863936
0.884585
0.767937
0.790733
0.891464
0.460297
0.595147
0.699051
0.918317
0.643073
0.765454
0.851009
0.755147
0.813435
0.730282
0.91291
0.784668
0.746299
0.840759
0.852919
0.882638
0.890145
0.523427
0.63405
0.553656
0.930835
0.536392
0.810971
0.831132
0.65012
0.655757
0.852681
0.735946
0.90664
0.665399
0.861924
0.771611
0.728868
0.794142
0.694209
0.92094
0.452596
0.675808
0.869582
0.605201
0.485918
0.741594
0.727963
0.699052
0.797898
0.596218
0.677636
0.907438
0.672051
0.75613
0.540057
0.696361
0.828384
0.496199
0.889007
0.921268
0.701135
0.640618
0.616571
0.664551
0.798444
0.895347
0.782476
0.698774
0.790965
0.616829
0.781911
0.903174
0.649652
0.491282
0.552083
0.640669
0.734035
0.671682
0.461456
0.577458
0.444249
0.877687
0.726808
0.628549
0.850374
0.620163
0.908695
0.75489
0.792836
0.648386
0.870377
0.702622
0.726989
0.853893
0.649224
0.604559
0.601617
0.627201
0.736061
0.450832
0.733904
0.565297
0.72818
0.719367
0.488264
0.71172
0.600678
