0.228166
0.23291
0.228171
0.233377
0.226708
0.227046
0.2234
0.223563
0.224314
0.226456
0.214367
0.22685
0.222934
0.224844
0.219007
0.22366
0.222969
0.234622
0.226835
0.236133
0.239092
0.231254
0.238313
0.234535
0.228952
0.23044
0.219037
0.221163
0.219818
0.225663
0.220148
0.227127
0.229262
0.227191
0.23663
0.237321
0.237108
0.236867
0.236123
0.23576
0.230817
0.232878
0.223688
0.226473
0.232446
0.220885
0.231485
0.225723
0.236726
0.24218
0.236632
0.241259
0.23948
0.237158
0.235921
0.233498
0.237933
0.234981
0.234981
0.225065
0.231414
0.232288
0.230272
0.234874
0.22127
0.241081
0.2396
0.218499
0.229118
0.233745
0.230806
0.227681
0.244134
0.235343
0.226839
0.232814
0.239135
0.238823
0.242468
0.236298
0.243485
0.243101
0.235549
0.236952
0.241615
0.240163
0.237521
0.228263
0.235229
0.238554
0.232565
0.240334
0.242346
0.242423
0.236088
0.241886
0.2331
0.238415
0.239379
0.238527
0.236519
0.234326
0.238817
0.235671
0.236053
0.239402
0.238944
0.243869
0.239974
0.241545
0.247014
0.23528
0.238919
0.236971
0.217965
0.235836
0.239996
0.238974
0.239588
0.232432
0.245892
0.227103
0.24817
0.2438
0.241909
0.235119
0.24531
0.237269
0.245236
0.244925
0.228713
0.241001
0.23521
0.244967
0.240829
0.243437
0.240281
0.248393
0.24521
0.235252
0.247389
0.247865
0.248865
0.228375
0.242472
0.240516
0.25082
0.243809
0.244324
0.237572
0.249104
0.249874
0.225393
0.247906
0.235223
0.24664
0.228391
0.244937
0.245669
0.252507
0.254238
0.255189
0.253644
0.252079
0.247851
0.231602
0.242416
0.236603
0.243573
0.246928
0.247653
0.254431
0.250871
0.248555
0.248357
0.250532
0.252109
0.253143
0.245779
0.24981
0.247439
0.245745
0.25285
0.249444
0.250603
0.254917
0.258353
0.268877
0.266126
0.256479
0.265872
0.248015
0.255305
0.250502
0.250718
0.247674
0.25112
0.258317
0.269684
0.272585
0.270694
0.253058
0.257354
0.259441
0.257457
0.243095
0.246489
0.245509
0.25572
0.26603
0.267563
0.273871
0.274233
0.27437
0.270539
0.264475
0.246604
0.263064
0.262317
0.270883
0.273133
0.274562
0.284914
0.28786
0.271904
0.271124
0.267302
0.272183
0.267034
0.255224
0.27252
0.280937
0.288417
0.28938
0.296038
0.291657
0.280218
0.278088
0.260963
0.271844
0.254272
0.265383
0.237736
0.264249
0.287709
0.292607
0.282658
0.275027
0.276794
0.273581
0.281103
0.281057
0.269507
0.257115
0.306084
0.301891
0.288177
0.272964
0.28404
0.299267
0.292011
0.290571
0.283058
0.298386
0.305416
0.304491
0.301757
0.303542
0.280812
0.308771
0.303363
0.293053
0.297359
0.309639
0.305766
0.261548
0.305439
0.319292
0.306871
0.325516
0.29676
0.326119
0.289799
0.30249
0.316445
0.303623
0.329594
0.340274
0.335715
0.330934
0.277231
0.3094
0.301084
0.33194
0.323226
0.327701
0.283639
0.304919
0.336042
0.341397
0.322073
0.347155
0.353327
0.344041
0.350113
0.363794
0.353985
0.355959
0.327755
0.353589
0.332311
0.32421
0.348769
0.36225
0.339452
0.345556
0.33214
0.351243
0.355816
0.368231
0.35692
0.37441
0.348762
0.362879
0.307384
0.383019
0.385016
0.379918
0.378369
0.385172
0.362337
0.348476
0.363666
0.377811
0.353765
0.420596
0.339764
0.398561
0.357842
0.383858
0.392611
0.400322
0.359601
0.385551
0.384947
0.411522
0.352647
0.398402
0.401739
0.424802
0.404456
0.370062
0.399222
0.422049
0.395553
0.399201
0.396309
0.374348
0.412697
0.4385
0.402345
0.434373
0.358117
0.383994
0.443418
0.414871
0.444756
0.447331
0.446662
0.45744
0.375209
0.466122
0.42673
0.450767
0.467248
0.423864
0.473322
0.413276
0.435825
0.441312
0.406772
0.460645
0.468744
0.444203
0.486322
0.405444
0.405155
0.44677
0.491494
0.427609
0.512607
0.577085
0.474972
0.495647
0.510635
0.48265
0.516525
0.546531
0.562888
0.392273
0.535337
0.46319
0.576096
0.555142
0.498066
0.520513
0.592546
0.490491
0.574867
0.637144
0.477903
0.580434
0.622633
0.598119
0.583678
0.617573
0.559769
0.631147
0.654618
0.645766
0.555339
0.686691
0.516872
0.787262
0.711612
0.694269
0.605731
0.662477
0.7251
0.787837
0.733868
0.73009
0.708155
0.85488
0.781569
0.692731
0.829978
0.778151
0.811587
0.814021
0.779934
0.781246
0.679464
0.787615
0.772145
0.721726
0.780829
0.872924
0.903101
0.829229
0.808318
0.848964
0.832508
0.794922
0.828257
0.875568
0.930212
0.824643
0.741543
0.731116
0.660083
0.650077
0.795366
0.787245
0.741156
0.827129
0.771771
0.59336
0.809432
0.677287
0.67572
0.722069
0.741476
0.625704
0.587781
0.740734
0.704279
0.744669
0.724056
0.815015
0.915567
0.725803
0.725167
0.839328
0.760639
0.799031
0.692732
0.667889
0.823342
0.599922
0.675371
0.647127
0.68829
0.783835
0.81099
0.824679
0.707817
0.755401
0.80824
0.787421
0.772287
0.727425
0.863842
0.688706
0.667928
0.703892
0.878758
0.767975
0.893924
0.917402
0.800684
0.710918
0.651132
0.790947
0.861301
0.717653
0.879848
0.808033
0.901633
0.565744
0.636287
0.573141
0.728226
0.931156
0.736771
0.819776
0.870739
0.766058
0.700285
0.91546
0.809565
0.729256
0.676786
0.850269
0.811097
0.845104
0.802749
0.867502
0.8211
0.906312
0.699901
0.67235
0.689418
0.733089
0.911769
0.684137
0.538003
0.868196
0.674027
0.726015
0.780461
0.782311
0.921632
0.456847
0.912411
0.502911
0.831736
0.568196
0.739433
0.693447
0.866036
0.695754
0.800423
0.814025
0.562677
0.680981
0.922213
0.624922
0.830154
0.915983
0.713306
0.78031
0.931349
0.634441
0.599832
0.885261
0.787893
0.636399
0.685432
0.715497
0.586818
0.693603
0.895569
0.839399
0.631224
0.544817
0.89065
0.541803
0.642785
0.897196
0.788493
0.891435
0.60243
0.808475
0.859477
0.688894
0.748097
0.473091
0.775334
0.646016
0.786115
0.535889
0.568991
0.786156
0.516447
0.829336
0.923345
0.898996
0.748135
0.868279
0.817775
0.917793
0.627713
0.855398
0.691858
0.842857
0.92369
0.578554
0.604584
0.476932
0.855361
0.862352
0.430626
0.668994
0.795865
0.866357
0.457343
0.528901
0.68648
0.474979
0.88687
0.913156
0.760452
0.653038
