0.933862
0.889264
0.798115
0.798083
0.786689
0.637578
0.411675
0.847952
0.901735
0.749988
0.799442
0.820913
0.864757
0.906418
0.895074
0.923482
0.710776
0.688159
0.710758
0.486307
0.928841
0.890409
0.921638
0.505927
0.801003
0.698797
0.404838
0.795062
0.731049
0.923196
0.577324
0.824633
0.833029
0.744378
0.809635
0.92071
0.920169
0.924456
0.702601
0.719293
0.769772
0.924172
0.825165
0.633609
0.922529
0.860981
0.728313
0.649606
0.875585
0.651928
0.795787
0.890546
0.894326
0.918327
0.621413
0.889239
0.805918
0.516321
0.597503
0.930246
0.901733
0.569524
0.830286
0.69106
0.645554
0.773582
0.543562
0.730649
0.531006
0.866719
0.696729
0.705836
0.859237
0.685789
0.879188
0.848428
0.690216
0.679911
0.892006
0.736577
0.736097
0.81454
0.558533
0.694163
0.824168
0.635785
0.471115
0.74536
0.883992
0.516007
0.710628
0.774578
0.830951
0.575941
0.75133
0.569428
