0.634699
0.598265
0.585774
0.638351
0.625662
0.66806
0.703262
0.749995
0.631123
0.628345
0.786824
0.735081
0.679848
0.662039
0.644193
0.70956
0.72562
0.760417
0.703349
0.754853
0.651226
0.664169
0.70915
0.757656
0.80279
0.753943
0.824669
0.759956
0.813951
0.781721
0.872129
0.79783
0.79376
0.886775
0.810706
0.873291
0.785529
0.84892
0.814925
0.769651
0.841349
0.868362
0.912855
0.835739
0.740599
0.728618
0.632234
0.602546
0.812422
0.792225
0.740951
0.804698
0.837565
0.616924
0.8155
0.714656
0.749737
0.736228
0.767582
0.740666
0.553093
0.692486
0.754873
0.715883
0.549237
0.747742
0.702863
0.729116
0.835634
0.629559
0.813672
0.692732
0.594031
0.812529
0.627611
0.671202
0.650098
0.659359
0.683624
0.819016
0.756278
0.753651
0.777875
0.776537
0.916507
0.796742
0.761581
0.719602
0.875427
0.707558
0.790162
0.701028
0.886854
0.768433
0.92465
0.689575
0.857076
0.618619
0.656474
0.79603
0.863352
0.719361
0.880064
0.79662
0.90847
0.601518
0.598455
0.692914
0.91486
0.644109
0.747223
0.814898
0.751648
0.833641
0.736041
0.639996
0.846196
0.665126
0.910572
0.882735
0.929238
0.873638
0.79477
0.56265
0.777049
0.554354
0.720347
0.858375
0.812073
0.715992
0.800821
0.716857
0.592443
0.859967
0.637772
0.666923
0.725928
0.821547
0.936935
0.921393
0.470606
0.727606
0.630568
0.582683
0.868778
0.744721
0.881689
0.631819
0.806215
0.639267
0.743769
0.67613
0.902238
0.785528
0.867735
0.918415
0.81271
0.779576
0.8148
0.522172
0.600474
0.902158
0.867566
0.831234
0.68696
0.645806
0.805235
0.693531
0.839864
0.720263
0.707365
0.53105
0.924468
0.618742
0.925519
0.823586
0.634347
0.884601
0.706911
0.715041
0.734215
0.890085
0.756881
0.645254
0.657347
0.876105
0.647083
0.850584
0.682032
0.509569
0.843268
0.546795
0.891415
0.682228
0.498076
0.896858
0.67907
0.920611
0.727445
0.796549
0.917834
0.755213
0.583081
0.493474
0.895262
0.865827
0.428558
0.789013
0.803626
0.735123
0.513344
0.924329
0.861223
0.705316
0.357261
0.872658
0.567761
