0.714715
0.751908
0.758699
0.753602
0.741694
0.663516
0.741225
0.707314
0.715883
0.742142
0.751218
0.711547
0.692729
0.835396
0.760752
0.808483
0.695516
0.669582
0.817649
0.557344
0.676081
0.701483
0.670082
0.68328
0.817988
0.742468
0.812871
0.803239
0.777861
0.923343
0.905988
0.76908
0.909246
0.813386
0.700801
0.787042
0.512306
0.747846
0.873342
0.916993
0.817402
0.685109
0.693154
0.788352
0.914118
0.773894
0.768353
0.803713
0.768227
0.776895
0.573167
0.47355
0.644754
0.910604
0.68024
0.747892
0.817881
0.855938
0.88744
0.656089
0.78598
0.836035
0.796724
0.930663
0.891842
0.546787
0.787077
0.767093
0.39683
0.714146
0.901487
0.685337
0.762762
0.86485
0.908142
0.632592
0.541207
0.562133
0.914499
0.540234
0.864578
0.704124
0.903386
0.458609
0.758011
0.8782
0.696465
0.572652
0.725925
0.729165
0.888693
0.653312
0.82543
0.679034
0.79348
0.92925
0.922954
0.773988
0.866998
0.812502
0.788643
0.860706
0.540003
0.779173
0.923118
0.660977
0.663269
0.854801
0.665465
0.798326
0.634038
0.574612
0.924403
0.61616
0.88274
0.802007
0.799905
0.805387
0.677377
0.932558
0.688938
0.732855
0.572559
0.771674
0.683615
0.709666
0.869378
0.734029
0.625664
0.683234
0.922936
0.896733
0.890978
0.582396
0.556674
0.737576
0.904225
0.742338
0.410835
0.702787
0.785102
0.511133
0.832715
0.549306
0.667537
0.699782
0.362871
0.760378
0.91671
0.899347
0.764156
0.843597
0.869088
0.581244
0.571874
