0.282535
0.260677
0.281862
0.295898
0.281052
0.286487
0.236209
0.244712
0.228138
0.280397
0.283496
0.288728
0.301549
0.294041
0.293777
0.271145
0.244419
0.26652
0.277905
0.282963
0.302166
0.311336
0.309399
0.29979
0.296183
0.272721
0.267011
0.25741
0.287548
0.270272
0.313845
0.288362
0.292885
0.302974
0.303431
0.267435
0.300501
0.290609
0.286076
0.317122
0.30716
0.290873
0.298405
0.304495
0.304345
0.315704
0.277891
0.32709
0.304618
0.327881
0.321933
0.309129
0.28231
0.310737
0.337135
0.312406
0.34292
0.330476
0.305634
0.324978
0.321728
0.333495
0.333714
0.315514
0.348931
0.332012
0.338728
0.338424
0.326896
0.343537
0.334362
0.346419
0.354165
0.348507
0.349751
0.346492
0.35404
0.333719
0.363808
0.324099
0.344953
0.370056
0.354239
0.362105
0.359401
0.340352
0.338194
0.361095
0.335824
0.345179
0.316351
0.373349
0.322518
0.348443
0.356714
0.382389
0.374348
0.3779
0.396017
0.339965
0.357203
0.380858
0.368576
0.346975
0.387318
0.425724
0.370414
0.383441
0.384693
0.343583
0.379487
0.366461
0.404328
0.395817
0.38772
0.354835
0.421925
0.354946
0.386292
0.42076
0.407577
0.403329
0.412617
0.372457
0.41348
0.400196
0.39519
0.394963
0.345382
0.370985
0.445904
0.429687
0.431528
0.424797
0.418049
0.403441
0.415779
0.437004
0.374381
0.457959
0.428315
0.434701
0.438084
0.418146
0.368579
0.452925
0.432407
0.516702
0.422027
0.486195
0.428873
0.493104
0.494973
0.47371
0.526269
0.449016
0.477088
0.454832
0.440552
0.434851
0.409789
0.459205
0.508645
0.45592
0.433323
0.414093
0.576675
0.509425
0.487847
0.514762
0.515333
0.530748
0.51262
0.512381
0.526275
0.506187
0.554811
0.460243
0.543388
0.575736
0.485692
0.509694
0.503677
0.504876
0.601967
0.642544
0.607239
0.596578
0.632006
0.534911
0.570913
0.656502
0.701015
0.686807
0.65931
0.731746
0.711291
0.675884
0.715037
0.662337
0.669369
0.720296
0.745472
0.722784
0.727153
0.726681
0.701279
0.819937
0.843359
0.813994
0.705637
0.809162
0.779181
0.744619
0.811403
0.746139
0.782357
0.871572
0.837401
0.838161
0.84545
0.811049
0.830587
0.802846
0.861052
0.847663
0.854231
0.681198
0.808295
0.816943
0.835704
0.713247
0.730718
0.642142
0.616334
0.795621
0.752439
0.784474
0.80484
0.855078
0.589163
0.747208
0.71161
0.748031
0.732161
0.750371
0.741059
0.587422
0.731297
0.729564
0.743531
0.735435
0.749376
0.720561
0.733371
0.832925
0.760551
0.800888
0.692732
0.672674
0.828552
0.602139
0.671139
0.631079
0.828758
0.762706
0.798156
0.812777
0.736258
0.77071
0.788829
0.791146
0.825113
0.669916
0.87606
0.715667
0.771905
0.704042
0.891936
0.775545
0.856983
0.817955
0.771516
0.694345
0.647782
0.788577
0.878007
0.774439
0.865793
0.819158
0.769168
0.638515
0.428854
0.647599
0.525956
0.745876
0.933244
0.907638
0.856084
0.776724
0.870434
0.67805
0.87337
0.801725
0.930775
0.91742
0.905449
0.461294
0.712594
0.9105
0.554648
0.72971
0.555273
0.777367
0.905333
0.755469
0.676553
0.729575
0.734261
0.807685
0.620894
0.847528
0.691157
0.697322
0.801524
0.866649
0.875043
0.516759
0.721213
0.697457
0.480714
0.867807
0.86286
0.429749
0.599242
0.87634
0.895655
0.684914
0.838464
0.741047
0.560997
0.692166
0.737014
0.697858
0.916357
0.917685
0.735889
0.711966
0.551112
0.593549
0.900134
0.761813
0.844243
0.630153
0.853484
0.682151
0.788859
0.888247
0.875602
0.550121
0.8128
0.461831
0.932676
0.914049
0.794515
0.673753
0.581344
0.463208
0.694768
0.651142
0.707542
0.72186
0.545492
0.780362
0.680271
0.878839
0.690236
0.620548
0.500673
0.60942
0.720206
0.852428
0.498177
0.836737
0.751509
0.358228
0.86944
0.770746
0.581325
0.61918
0.685305
0.612793
0.711232
0.429225
0.724023
0.752075
0.868987
0.476527
0.725976
0.931159
0.815316
0.588205
0.570756
