0.24447
0.241617
0.24103
0.2433
0.238618
0.241099
0.242007
0.251325
0.243735
0.251085
0.249527
0.249151
0.24624
0.249162
0.251006
0.239463
0.223462
0.223397
0.246835
0.235143
0.229259
0.242499
0.249544
0.247202
0.249581
0.235631
0.24418
0.251214
0.251479
0.255458
0.246856
0.253771
0.252523
0.249134
0.244554
0.246299
0.2325
0.241867
0.242619
0.24338
0.252435
0.236033
0.246803
0.243411
0.25584
0.251332
0.253083
0.245112
0.240533
0.231934
0.246581
0.240266
0.252876
0.248099
0.258332
0.269462
0.269133
0.243557
0.251909
0.263334
0.256093
0.239031
0.245561
0.251328
0.248536
0.251234
0.265824
0.258429
0.26888
0.265748
0.261912
0.258979
0.256314
0.242195
0.255368
0.256592
0.264195
0.266987
0.259073
0.27103
0.272414
0.269432
0.253706
0.256559
0.25848
0.267758
0.274345
0.264689
0.289207
0.281326
0.276099
0.276757
0.271038
0.2654
0.269294
0.27256
0.284814
0.284042
0.283569
0.285711
0.253157
0.286653
0.279098
0.268146
0.268982
0.272143
0.263953
0.281802
0.294835
0.301797
0.298696
0.287701
0.285639
0.283538
0.267391
0.286546
0.28725
0.285242
0.274985
0.307937
0.30546
0.292358
0.280787
0.2702
0.285012
0.278541
0.290817
0.318585
0.287538
0.297979
0.295629
0.295761
0.302968
0.290926
0.302973
0.311579
0.318714
0.330509
0.291285
0.319487
0.262481
0.306447
0.287398
0.30281
0.286011
0.320045
0.329703
0.328448
0.268341
0.303651
0.313928
0.28755
0.329715
0.336806
0.341397
0.332622
0.337005
0.33915
0.318433
0.33387
0.346323
0.336519
0.357419
0.295478
0.317497
0.339539
0.309594
0.310218
0.298202
0.304708
0.355449
0.313024
0.286533
0.290288
0.310454
0.363608
0.345045
0.328157
0.34365
0.364094
0.361154
0.325314
0.328636
0.332778
0.371438
0.376601
0.357552
0.327382
0.340037
0.330944
0.341918
0.367421
0.367481
0.378878
0.363775
0.380496
0.373731
0.374673
0.369613
0.351355
0.363159
0.399764
0.383586
0.370068
0.355536
0.394264
0.373349
0.368638
0.367567
0.374827
0.386416
0.352834
0.421503
0.40538
0.368554
0.438268
0.378242
0.390638
0.416695
0.415049
0.455941
0.413921
0.417875
0.396759
0.354532
0.39296
0.416699
0.44294
0.394277
0.452708
0.439768
0.439253
0.427492
0.460457
0.40391
0.431529
0.409659
0.47738
0.401875
0.520143
0.385404
0.409809
0.439956
0.475341
0.428479
0.441457
0.435824
0.43675
0.481347
0.389562
0.481723
0.441227
0.475639
0.490688
0.456916
0.477742
0.423882
0.464867
0.433518
0.478675
0.428226
0.498
0.532908
0.50491
0.51256
0.459394
0.560122
0.502703
0.515583
0.569117
0.540047
0.495885
0.520902
0.47205
0.493828
0.638792
0.633534
0.581971
0.559039
0.632388
0.600261
0.585196
0.654114
0.608863
0.631066
0.699819
0.677157
0.725538
0.675038
0.600337
0.59072
0.580697
0.632524
0.720152
0.694536
0.757366
0.614017
0.588301
0.795341
0.728466
0.658559
0.699587
0.74305
0.699288
0.780694
0.836305
0.786528
0.80281
0.759608
0.775002
0.882486
0.808474
0.848934
0.695055
0.797369
0.8161
0.818876
0.884961
0.808128
0.829295
0.77976
0.846549
0.814769
0.832429
0.785819
0.874473
0.921959
0.829557
0.719955
0.725566
0.678537
0.594262
0.511601
0.837675
0.897011
0.921556
0.747338
0.858829
0.858575
0.80816
0.868435
0.853139
0.907783
0.755246
0.625809
0.577594
0.740654
0.686599
0.715781
0.723992
0.749911
0.700763
0.724758
0.836151
0.761523
0.813688
0.692776
0.670325
0.802859
0.5999
0.683744
0.638542
0.661617
0.724553
0.796802
0.72879
0.819667
0.808349
0.777796
0.916926
0.79137
0.809715
0.726082
0.864702
0.716092
0.716688
0.902569
0.756311
0.84598
0.915783
0.736313
0.675605
0.709954
0.794512
0.868681
0.778453
0.856316
0.819413
0.876137
0.579366
0.651087
0.497225
0.651583
0.747912
0.820955
0.76639
0.813606
0.793026
0.733047
0.822229
0.664391
0.930896
0.840864
0.868714
0.549246
0.80233
0.556701
0.840282
0.637471
0.742027
0.921317
0.796096
0.836396
0.74566
0.828428
0.772996
0.883227
0.567976
0.705393
0.776794
0.633028
0.873767
0.558939
0.628387
0.499785
0.872341
0.876401
0.440143
0.419717
0.742652
0.727963
0.643599
0.811218
0.678704
0.582977
0.925098
0.9247
0.709886
0.869698
0.919823
0.602963
0.803453
0.547258
0.839872
0.916563
0.847553
0.592953
0.78882
0.76333
0.917127
0.707351
0.562731
0.769081
0.733994
0.827675
0.556314
0.834348
0.703298
0.905316
0.583583
0.64099
0.829537
0.557918
0.666175
0.684335
0.613755
0.68522
0.546522
0.523964
0.529865
0.789793
0.604651
0.89291
0.760845
0.839876
0.698629
0.677215
0.796562
0.750554
0.926454
0.55752
0.744502
0.745478
0.48953
0.602559
0.740782
0.429716
0.70013
0.540937
0.579628
0.549809
0.88073
0.815047
0.874208
0.599624
0.675869
