0.303688
0.363868
0.334642
0.361845
0.352117
0.323119
0.300064
0.354778
0.355224
0.360341
0.345789
0.35405
0.335831
0.335026
0.360067
0.361183
0.371495
0.376632
0.374634
0.359178
0.328426
0.328645
0.327403
0.345274
0.382225
0.385121
0.371679
0.359726
0.37021
0.343524
0.367363
0.358046
0.345972
0.347224
0.385097
0.394923
0.370763
0.394052
0.377849
0.385857
0.39428
0.370346
0.391297
0.404613
0.356706
0.380184
0.408415
0.404324
0.38556
0.414854
0.403205
0.420435
0.392199
0.403392
0.460874
0.394029
0.40866
0.42688
0.428508
0.422478
0.404826
0.397997
0.423332
0.453963
0.403369
0.437641
0.430656
0.442336
0.411139
0.455807
0.409783
0.439083
0.393557
0.372414
0.445177
0.449522
0.321415
0.485356
0.412431
0.431771
0.470571
0.371248
0.444121
0.476294
0.435033
0.3965
0.410438
0.463006
0.411181
0.460225
0.449292
0.443251
0.577113
0.468445
0.533262
0.512449
0.524724
0.565282
0.506603
0.514599
0.552184
0.539014
0.497064
0.520322
0.556887
0.590513
0.635418
0.557296
0.570141
0.486708
0.623395
0.575752
0.584618
0.595705
0.543627
0.563548
0.530923
0.55997
0.623206
0.656543
0.551729
0.597974
0.752841
0.712983
0.706967
0.60476
0.664689
0.729918
0.655391
0.739046
0.719082
0.747265
0.730624
0.727766
0.819485
0.839486
0.757405
0.806592
0.726857
0.780356
0.791975
0.834106
0.670956
0.800556
0.70489
0.851546
0.88609
0.821391
0.826911
0.757113
0.849141
0.806416
0.878659
0.836527
0.875551
0.877355
0.83672
0.772024
0.759898
0.671823
0.601059
0.79456
0.787473
0.777865
0.81649
0.821168
0.606882
0.81237
0.710321
0.698766
0.607945
0.674779
0.854416
0.851134
0.883267
0.82018
0.86588
0.787544
0.842939
0.903907
0.666856
0.730535
0.838859
0.761049
0.787314
0.692732
0.670561
0.82292
0.627054
0.669474
0.639856
0.569137
0.68308
0.868091
0.746565
0.822596
0.704076
0.759527
0.769581
0.796313
0.77223
0.669661
0.86146
0.714773
0.672086
0.874497
0.824212
0.758104
0.906629
0.913873
0.739121
0.666565
0.639694
0.788418
0.912434
0.78124
0.859765
0.792912
0.80086
0.777503
0.45683
0.605776
0.732133
0.734908
0.642778
0.932973
0.781254
0.81511
0.750911
0.828559
0.738148
0.69025
0.829302
0.797999
0.93067
0.887738
0.889542
0.586274
0.816403
0.883664
0.555981
0.644966
0.905285
0.65341
0.667519
0.604763
0.740589
0.515464
0.71256
0.699233
0.671721
0.714407
0.778176
0.662366
0.767517
0.921585
0.445112
0.75631
0.917783
0.529743
0.854867
0.879233
0.441426
0.53717
0.855501
0.873143
0.697668
0.815862
0.920856
0.597599
0.652403
0.922988
0.61559
0.901858
0.808592
0.749001
0.65373
0.853573
0.505278
0.530726
0.812781
0.815558
0.755419
0.811921
0.747143
0.776447
0.83652
0.706238
0.784849
0.903528
0.63885
0.853726
0.814253
0.783722
0.688353
0.583341
0.70399
0.53271
0.675032
0.676317
0.665451
0.51619
0.824863
0.702474
0.684721
0.581979
0.75446
0.468593
0.858781
0.839251
0.657135
0.682948
0.70854
0.727675
0.485299
0.613185
0.618618
0.616328
0.499079
0.829546
0.8635
0.430465
0.662896
0.51035
0.685141
0.803059
0.780203
0.855587
0.671402
0.764881
