0.683371
0.859771
0.918741
0.644709
0.792513
0.832059
0.793224
0.646067
0.765611
0.6911
0.80141
0.930885
0.830407
0.798024
0.54692
0.806715
0.900449
0.572551
0.545306
0.687268
0.856181
0.658218
0.659748
0.852281
0.709856
0.911137
0.686915
0.718111
0.71426
0.603526
0.709325
0.866099
0.556041
0.781463
0.922902
0.463011
0.745077
0.586159
0.826041
0.508165
0.598312
0.882351
0.865732
0.702956
0.885374
0.91255
0.58361
0.812592
0.658046
0.915363
0.769523
0.861027
0.890177
0.857172
0.544514
0.791725
0.897435
0.809602
0.708047
0.722269
0.792795
0.741243
0.740879
0.774472
0.567866
0.848304
0.777954
0.632623
0.780217
0.802057
0.684635
0.544552
0.498882
0.689003
0.743728
0.604819
0.436081
0.677242
0.758187
0.859579
0.750058
0.535357
0.926875
0.65493
0.830703
0.851604
0.658509
0.679555
0.899902
0.736915
0.410939
0.702823
0.926603
0.580612
0.603304
0.859406
0.506511
0.673918
0.734557
0.409465
0.537153
0.64909
0.521852
0.555272
0.729669
0.656373
0.861643
0.851877
0.590196
0.520711
0.573555
