0.806345
0.797302
0.827278
0.718065
0.877169
0.713413
0.783538
0.808518
0.842496
0.732054
0.826632
0.917031
0.80682
0.712304
0.652867
0.792549
0.826539
0.784004
0.855495
0.821136
0.885461
0.503199
0.731349
0.83771
0.823696
0.69029
0.733545
0.796886
0.764499
0.814813
0.792655
0.665346
0.784738
0.789905
0.875323
0.861977
0.798177
0.591429
0.81311
0.902143
0.580059
0.759044
0.888289
0.650113
0.66669
0.788726
0.765671
0.865377
0.90785
0.540967
0.708706
0.662628
0.715601
0.56163
0.931123
0.798093
0.466934
0.917836
0.750197
0.437877
0.745632
0.7297
0.751759
0.776986
0.613736
0.593001
0.920532
0.684447
0.839125
0.727732
0.8329
0.502633
0.813925
0.773715
0.846873
0.634067
0.663692
0.770903
0.817265
0.670633
0.790432
0.852048
0.683745
0.577685
0.388255
0.799545
0.598822
0.733256
0.469949
0.826334
0.556999
0.688523
0.656331
0.811702
0.665386
0.517082
0.71549
0.66755
0.864728
0.71434
0.641194
0.923686
0.657629
0.732129
0.815994
0.521154
0.625835
0.623327
0.710927
0.483971
0.530119
0.487886
0.604287
0.662537
0.722311
0.245686
0.700295
0.914137
0.583138
0.731799
0.925328
0.886517
0.642733
0.555385
0.671355
0.752613
