0.229336
0.222781
0.2372
0.232208
0.236476
0.239543
0.219561
0.231476
0.242268
0.242764
0.243318
0.244468
0.237419
0.228902
0.237135
0.233844
0.237664
0.242989
0.242324
0.240583
0.239813
0.236609
0.243272
0.242243
0.238683
0.229748
0.237435
0.236454
0.235692
0.237138
0.23794
0.22652
0.244096
0.243077
0.235964
0.22642
0.236107
0.240227
0.242609
0.239611
0.239734
0.234321
0.238897
0.241184
0.234287
0.233519
0.242026
0.242877
0.239085
0.240833
0.247937
0.235543
0.242436
0.228992
0.240668
0.239464
0.240312
0.239044
0.240715
0.233058
0.245584
0.246941
0.234438
0.226203
0.245255
0.246153
0.244706
0.242233
0.243185
0.240488
0.245208
0.229165
0.240992
0.237362
0.244756
0.240554
0.239025
0.237491
0.242284
0.237514
0.248505
0.24262
0.25118
0.24436
0.246875
0.24059
0.246602
0.246802
0.245682
0.249084
0.250994
0.2478
0.243751
0.246689
0.242845
0.227904
0.244712
0.244717
0.248826
0.248217
0.241811
0.242597
0.252494
0.252757
0.249468
0.252034
0.2524
0.254304
0.249011
0.244307
0.244732
0.245958
0.235228
0.243952
0.247168
0.236354
0.252784
0.243663
0.251292
0.26017
0.255647
0.248528
0.24179
0.244398
0.234867
0.247283
0.244772
0.247817
0.251718
0.252185
0.247142
0.254901
0.266811
0.264817
0.26871
0.236292
0.257035
0.257895
0.259997
0.24859
0.249233
0.238734
0.252061
0.253855
0.250127
0.264794
0.253958
0.274085
0.2562
0.261702
0.245265
0.230632
0.252355
0.249307
0.256375
0.253438
0.253786
0.26818
0.261037
0.281696
0.273562
0.274542
0.269893
0.235957
0.264326
0.254677
0.262341
0.269075
0.264213
0.272599
0.276004
0.281799
0.288858
0.272184
0.251343
0.266203
0.271199
0.247912
0.273332
0.282268
0.282974
0.288723
0.286985
0.279512
0.270484
0.281067
0.273692
0.259692
0.252908
0.277852
0.269803
0.289224
0.292683
0.287594
0.269853
0.282444
0.265608
0.284196
0.27211
0.277467
0.2914
0.300848
0.305729
0.307119
0.30061
0.271371
0.272564
0.276034
0.285047
0.289707
0.313378
0.312968
0.315593
0.305326
0.27726
0.304048
0.301264
0.301637
0.308589
0.32612
0.305992
0.297666
0.304857
0.311679
0.305896
0.302464
0.313734
0.298543
0.326018
0.30315
0.2964
0.324462
0.310693
0.315655
0.314481
0.277053
0.331484
0.344655
0.327412
0.335741
0.285472
0.329151
0.31842
0.320609
0.344095
0.33894
0.348535
0.33999
0.318926
0.348803
0.347255
0.346762
0.361391
0.346158
0.346922
0.331352
0.293269
0.304344
0.352224
0.354079
0.340072
0.354402
0.347885
0.351435
0.338722
0.357073
0.349623
0.366335
0.357632
0.375651
0.337769
0.296495
0.380701
0.342949
0.385975
0.32627
0.385423
0.352119
0.347757
0.369229
0.341736
0.320931
0.392567
0.402927
0.395815
0.392641
0.388187
0.371768
0.379384
0.383169
0.360562
0.390946
0.3873
0.340691
0.401375
0.402815
0.399107
0.423314
0.426573
0.396205
0.411274
0.411688
0.391811
0.400033
0.399217
0.402321
0.390927
0.390323
0.425658
0.408369
0.418859
0.423758
0.424157
0.426299
0.416892
0.440672
0.407688
0.366141
0.445779
0.412163
0.446943
0.465587
0.414385
0.448918
0.404339
0.361215
0.436093
0.473184
0.436926
0.465738
0.486366
0.453965
0.480782
0.429094
0.479605
0.412549
0.455591
0.467455
0.414195
0.496734
0.502539
0.440341
0.47444
0.577254
0.515462
0.492355
0.482923
0.528481
0.504235
0.549618
0.488945
0.531331
0.580719
0.541178
0.500369
0.503803
0.602903
0.472389
0.636236
0.587793
0.563127
0.659013
0.563213
0.464879
0.636021
0.562389
0.632124
0.574951
0.527407
0.753492
0.654901
0.620665
0.744259
0.684609
0.692761
0.573923
0.675664
0.734717
0.715584
0.763561
0.868209
0.716004
0.696503
0.827813
0.778773
0.793952
0.816726
0.543933
0.834251
0.745252
0.780342
0.876484
0.723688
0.831586
0.840215
0.810834
0.831304
0.805628
0.854313
0.814274
0.849522
0.831757
0.875658
0.93048
0.701413
0.756089
0.728395
0.66935
0.617304
0.792923
0.723545
0.740876
0.803262
0.752875
0.625658
0.755955
0.710885
0.74738
0.740335
0.761255
0.620739
0.538992
0.68748
0.69715
0.744492
0.694134
0.747821
0.652967
0.707833
0.835429
0.661213
0.798445
0.695166
0.571898
0.816307
0.637466
0.682054
0.639724
0.5016
0.675096
0.8721
0.729189
0.866507
0.810683
0.777912
0.91416
0.754813
0.816979
0.728264
0.870705
0.714881
0.686888
0.892981
0.752412
0.834629
0.919982
0.747009
0.851205
0.659067
0.651397
0.783856
0.770804
0.880686
0.86009
0.819487
0.885521
0.416559
0.53643
0.705718
0.769264
0.720646
0.732536
0.791661
0.759061
0.680712
0.79266
0.715258
0.810317
0.827696
0.787012
0.587321
0.893546
0.551311
0.702937
0.634146
0.928045
0.75874
0.440061
0.822415
0.883002
0.711206
0.67972
0.752693
0.793297
0.591507
0.744531
0.680567
0.713101
0.805282
0.684527
0.921631
0.455387
0.917951
0.553891
0.849634
0.665465
0.918806
0.863229
0.669828
0.807999
0.673592
0.650593
0.758307
0.813598
0.791627
0.748153
0.748046
0.880241
0.914847
0.506284
0.713652
0.922034
0.708994
0.676273
0.618613
0.927315
0.798007
0.617459
0.83216
0.669906
0.489997
0.787488
0.451976
0.795786
0.834195
0.816823
0.815329
0.798583
0.863539
0.544237
0.536862
0.688938
0.639389
0.802485
0.745955
0.545784
0.668749
0.709411
0.867384
0.71342
0.524069
0.80673
0.657217
0.927712
0.830101
0.698657
0.639383
0.834004
0.921096
0.735497
0.750442
0.935688
0.647824
0.621625
0.623811
0.510801
0.741544
0.420058
0.715587
0.748882
0.87958
0.520309
0.720975
0.805901
0.785052
0.856769
0.578678
0.589329
0.63696
