0.762337
0.786493
0.692732
0.631532
0.826925
0.632542
0.650322
0.631047
0.672388
0.774973
0.790381
0.811166
0.723796
0.755528
0.808886
0.786321
0.806553
0.708633
0.874406
0.697087
0.787594
0.70056
0.878265
0.765611
0.886736
0.904598
0.819372
0.655598
0.645057
0.793323
0.760859
0.818663
0.866546
0.667496
0.645176
0.51183
0.683605
0.912038
0.928417
0.930981
0.914181
0.633894
0.857521
0.846749
0.843082
0.917539
0.809041
0.828938
0.791118
0.851887
0.801846
0.637602
0.61018
0.896789
0.776001
0.638887
0.722198
0.92427
0.685716
0.852584
0.841947
0.740042
0.708795
0.701964
0.674015
0.715043
0.775485
0.696212
0.781082
0.616663
0.672666
0.921592
0.486462
0.819228
0.898536
0.918599
0.865371
0.676668
0.76526
0.919937
0.760293
0.613704
0.920303
0.923129
0.703868
0.916867
0.766825
0.725031
0.897316
0.818678
0.507165
0.779528
0.922944
0.756112
0.625991
0.727914
0.802506
0.682183
0.77791
0.792621
0.911317
0.458749
0.93587
0.610351
0.801376
0.810503
0.508166
0.852824
0.515114
0.888544
0.614133
0.847272
0.665574
0.489743
0.599588
0.452357
0.733006
0.671007
0.68799
0.640674
0.860085
0.806625
0.895157
0.763949
0.886403
0.606852
0.741309
0.664181
0.91314
0.736866
0.712323
0.915179
0.614128
0.750246
0.797534
0.822163
0.828766
0.430446
0.607005
0.751145
0.914922
0.617967
0.800194
0.902399
0.566278
0.673885
0.687448
