0.287468
0.312609
0.296533
0.309509
0.292906
0.291104
0.303717
0.287382
0.276641
0.297553
0.317394
0.314744
0.30142
0.311248
0.303447
0.285121
0.319347
0.285718
0.334469
0.293752
0.318406
0.292225
0.311156
0.317179
0.285245
0.332943
0.31925
0.34218
0.328028
0.298665
0.334611
0.324668
0.324827
0.335683
0.342771
0.306205
0.33736
0.323572
0.342356
0.307833
0.318003
0.35431
0.361749
0.352693
0.350224
0.347329
0.304265
0.345004
0.33763
0.369513
0.372253
0.327855
0.354231
0.358195
0.343999
0.359268
0.364123
0.360331
0.35958
0.347283
0.367221
0.356097
0.346866
0.374137
0.37226
0.387276
0.328148
0.379168
0.380915
0.368087
0.356728
0.357571
0.342449
0.34903
0.408472
0.368975
0.384169
0.395822
0.309443
0.388882
0.38836
0.337435
0.403825
0.386047
0.411553
0.422243
0.357343
0.42528
0.425938
0.404957
0.377979
0.375646
0.412634
0.390949
0.418935
0.399776
0.417578
0.45038
0.427345
0.447411
0.40209
0.399378
0.446693
0.429897
0.380628
0.451106
0.349851
0.437836
0.440787
0.409713
0.445353
0.421961
0.445519
0.453726
0.453196
0.379504
0.483986
0.421347
0.37956
0.412207
0.518273
0.493276
0.450797
0.459327
0.464425
0.432902
0.387788
0.438557
0.470907
0.447712
0.415779
0.436603
0.451654
0.502399
0.600256
0.518252
0.446083
0.504482
0.510145
0.478055
0.548684
0.587551
0.540364
0.579823
0.562539
0.501649
0.518256
0.533378
0.449882
0.563394
0.592223
0.550506
0.615461
0.570336
0.606611
0.553426
0.6311
0.655614
0.793383
0.65126
0.612607
0.596287
0.709308
0.764463
0.702319
0.700686
0.574443
0.711656
0.771153
0.706847
0.754272
0.726211
0.775867
0.720819
0.774984
0.844115
0.798493
0.714789
0.835463
0.780209
0.844575
0.75065
0.77188
0.872019
0.832706
0.779377
0.874083
0.753689
0.896952
0.765376
0.849301
0.840842
0.846534
0.786792
0.818304
0.840616
0.814122
0.798585
0.714455
0.640314
0.573391
0.772786
0.706744
0.741084
0.809072
0.8345
0.588638
0.812307
0.711753
0.734379
0.743555
0.713466
0.623972
0.587343
0.706376
0.71069
0.732541
0.738229
0.749608
0.70219
0.694999
0.643192
0.762038
0.852352
0.692747
0.619628
0.827522
0.616241
0.67036
0.68888
0.903313
0.784448
0.786609
0.773617
0.740543
0.769373
0.788846
0.791574
0.831641
0.678195
0.845322
0.714197
0.750635
0.805704
0.872713
0.775104
0.868205
0.59068
0.86208
0.614656
0.653283
0.791108
0.926249
0.889236
0.854375
0.803513
0.882226
0.663311
0.572329
0.645452
0.936797
0.914044
0.622332
0.745548
0.850946
0.792472
0.813956
0.809738
0.672919
0.795135
0.742919
0.875869
0.869975
0.813238
0.680942
0.663112
0.790074
0.542203
0.90246
0.595997
0.553804
0.749598
0.881092
0.822919
0.671147
0.838504
0.689572
0.913055
0.65882
0.657957
0.663672
0.671859
0.669508
0.591041
0.799197
0.688696
0.781098
0.924419
0.472681
0.665788
0.702597
0.541782
0.520564
0.862904
0.666279
0.91777
0.89086
0.796233
0.532651
0.826547
0.922964
0.605601
0.905373
0.729959
0.892767
0.533046
0.592584
0.810825
0.922971
0.783821
0.6106
0.714555
0.817749
0.791995
0.781988
0.704965
0.558771
0.920421
0.638947
0.660497
0.79499
0.789698
0.718269
0.847269
0.519191
0.898919
0.6681
0.821695
0.677082
0.529557
0.589807
0.456717
0.727896
0.691076
0.535325
0.677017
0.679039
0.929857
0.855981
0.704722
0.696201
0.873658
0.744398
0.710784
0.899887
0.612115
0.616066
0.682521
0.585578
0.649707
0.448187
0.744386
0.664371
0.600486
0.702404
0.721329
0.796562
0.473477
0.673964
