0.801246
0.5678
0.87567
0.547029
0.806145
0.668522
0.864908
0.456165
0.917846
0.58126
0.879544
0.447595
0.596771
0.679056
0.878049
0.696941
0.918649
0.896825
0.592943
0.779725
0.498448
0.714923
0.905366
0.911832
0.739653
0.654907
0.754461
0.476129
0.926495
0.923125
0.814578
0.621914
0.61837
0.689537
0.82425
0.601305
0.920607
0.837963
0.735918
0.706575
0.705558
0.79409
0.585511
0.80975
0.834313
0.714823
0.687386
0.519925
0.534497
0.723789
0.452436
0.762844
0.47945
0.874568
0.679469
0.582032
0.85313
0.824306
0.630983
0.927533
0.822184
0.815005
0.517478
0.760409
0.793542
0.762882
0.7819
0.662875
0.619861
0.476402
0.855101
0.844167
0.428437
0.745174
0.514934
0.730052
0.561946
0.652449
0.802664
0.567024
0.586516
