0.19482
0.195205
0.197301
0.197976
0.201077
0.203258
0.204212
0.202536
0.204757
0.205877
0.203227
0.202587
0.208382
0.208975
0.209484
0.204901
0.207497
0.204076
0.203296
0.201259
0.196959
0.193382
0.194413
0.19573
0.197466
0.198391
0.19955
0.198486
0.196615
0.194518
0.194847
0.194976
0.196844
0.197646
0.197139
0.19659
0.196834
0.197113
0.199158
0.200043
0.201082
0.20047
0.205748
0.207602
0.208482
0.208878
0.208004
0.209245
0.208428
0.209193
0.213611
0.212267
0.20955
0.204168
0.204584
0.205674
0.204003
0.203839
0.200363
0.203039
0.200317
0.197355
0.195242
