0.916449
0.892571
0.901658
0.77585
0.806931
0.774213
0.606445
0.819478
0.705449
0.746956
0.74568
0.712785
0.681872
0.542837
0.740737
0.696291
0.701913
0.540911
0.75542
0.669714
0.69325
0.839182
0.742356
0.800089
0.692732
0.670333
0.818196
0.628308
0.679946
0.705969
0.684912
0.778627
0.798159
0.810017
0.713123
0.755005
0.782573
0.794426
0.741081
0.72363
0.865871
0.714773
0.787703
0.700623
0.878579
0.770274
0.924571
0.760103
0.845501
0.662624
0.718003
0.794361
0.756775
0.639348
0.734126
0.87642
0.804838
0.907385
0.604647
0.60713
0.722058
0.912492
0.653707
0.733545
0.831208
0.768468
0.833498
0.732483
0.665914
0.768574
0.745276
0.874021
0.930875
0.817982
0.634574
0.681088
0.896124
0.639249
0.849658
0.545925
0.721687
0.892515
0.704251
0.746029
0.607325
0.765924
0.777944
0.924916
0.706859
0.63537
0.728517
0.822491
0.706215
0.456983
0.725649
0.881503
0.591853
0.827087
0.875068
0.431569
0.589692
0.875412
0.615815
0.817618
0.919326
0.543122
0.850238
0.92843
0.88836
0.780557
0.761636
0.808074
0.799222
0.789225
0.492377
0.901126
0.890547
0.616693
0.72942
0.642325
0.700912
0.817185
0.689263
0.780283
0.741892
0.823654
0.919043
0.638624
0.747276
0.692925
0.728133
0.584659
0.465624
0.540265
0.677817
0.82373
0.670751
0.487421
0.543966
0.79947
0.868119
0.721658
0.619646
0.470552
0.578401
0.796647
0.825244
0.490639
0.849889
0.848336
0.769502
0.884588
0.555868
0.678348
0.604459
0.685389
0.502171
0.789942
0.435743
0.677402
0.858887
0.511451
0.504047
0.547193
0.739136
0.831101
0.861648
0.71473
0.676617
0.51593
0.765209
