0.227712
0.23743
0.243431
0.243312
0.238971
0.242282
0.235867
0.24356
0.231281
0.237043
0.235355
0.238391
0.239803
0.242551
0.24159
0.237237
0.23492
0.241122
0.236527
0.245314
0.250021
0.245284
0.236806
0.242223
0.243959
0.241009
0.231905
0.240565
0.235951
0.240351
0.242858
0.237106
0.244358
0.245378
0.232112
0.251134
0.244281
0.24215
0.24232
0.242983
0.231751
0.228767
0.24238
0.231775
0.243725
0.238
0.243966
0.231486
0.242447
0.24553
0.24154
0.233919
0.245746
0.248253
0.248926
0.242038
0.244389
0.248926
0.241309
0.248265
0.225659
0.247126
0.237464
0.249341
0.225104
0.242161
0.245311
0.250598
0.248203
0.249981
0.240369
0.245796
0.251892
0.255216
0.256745
0.254292
0.249384
0.239628
0.228851
0.246983
0.235929
0.244765
0.236711
0.249578
0.248165
0.248302
0.249871
0.261441
0.24616
0.249028
0.250266
0.253348
0.234684
0.246938
0.251201
0.251327
0.245523
0.259397
0.255102
0.26784
0.261854
0.256218
0.259792
0.246328
0.239104
0.25277
0.25076
0.253244
0.250733
0.258637
0.256695
0.268188
0.253974
0.273393
0.25916
0.261382
0.261244
0.243621
0.257684
0.245083
0.236817
0.258834
0.264195
0.271153
0.28044
0.266285
0.273977
0.274219
0.250408
0.261912
0.255039
0.259645
0.27085
0.269216
0.291583
0.288615
0.279207
0.276876
0.25308
0.269232
0.261536
0.277255
0.281307
0.291101
0.292417
0.292158
0.291275
0.283151
0.273372
0.258019
0.275273
0.250251
0.283004
0.298039
0.300841
0.296597
0.283829
0.275114
0.280882
0.283904
0.277665
0.275897
0.28775
0.306953
0.270422
0.300275
0.29224
0.284409
0.286386
0.265198
0.296706
0.313062
0.319868
0.291509
0.306913
0.301788
0.268109
0.30245
0.301651
0.299748
0.318596
0.293959
0.316318
0.319849
0.312987
0.309093
0.31046
0.300651
0.318407
0.299642
0.329793
0.302724
0.321869
0.301552
0.323122
0.325572
0.327957
0.344997
0.335387
0.273322
0.33946
0.330607
0.343119
0.319802
0.326306
0.310826
0.329272
0.317221
0.335191
0.350081
0.317952
0.350741
0.324374
0.354213
0.342257
0.353754
0.346893
0.323523
0.353854
0.323534
0.35666
0.351297
0.341373
0.342401
0.345975
0.364378
0.364508
0.325287
0.357185
0.350866
0.360548
0.314494
0.344325
0.341198
0.33593
0.374299
0.356358
0.380049
0.339917
0.360048
0.370875
0.359767
0.395446
0.42326
0.372023
0.340705
0.374802
0.339773
0.309581
0.385042
0.397761
0.383516
0.408538
0.378275
0.400925
0.397349
0.423681
0.424422
0.38466
0.400178
0.411803
0.414757
0.390111
0.41464
0.413062
0.408215
0.403571
0.399549
0.39359
0.429659
0.414803
0.43815
0.417281
0.418558
0.44037
0.401001
0.455125
0.402702
0.449267
0.433191
0.470515
0.437371
0.533996
0.440089
0.465591
0.435472
0.401859
0.456191
0.468834
0.483698
0.440948
0.457828
0.416876
0.497315
0.421807
0.383946
0.491785
0.42138
0.480063
0.397174
0.47337
0.409937
0.475947
0.490242
0.430642
0.440409
0.518674
0.505859
0.444917
0.556175
0.529006
0.537807
0.588704
0.437846
0.485121
0.445333
0.574789
0.595968
0.53123
0.6243
0.491908
0.57711
0.576039
0.648358
0.575653
0.589813
0.61074
0.593568
0.630014
0.654638
0.714851
0.793739
0.690337
0.601668
0.62108
0.750143
0.711514
0.691877
0.604833
0.710977
0.724435
0.731578
0.729702
0.699022
0.758877
0.638615
0.827547
0.785025
0.819898
0.757748
0.865938
0.810908
0.829599
0.636192
0.826815
0.78909
0.704842
0.839286
0.832386
0.786266
0.874001
0.805349
0.858341
0.849692
0.854655
0.729732
0.835416
0.799782
0.813273
0.745315
0.726418
0.641504
0.579727
0.777154
0.736012
0.74086
0.804678
0.831228
0.622928
0.748235
0.686605
0.762282
0.759634
0.776189
0.732661
0.55026
0.6929
0.722618
0.743531
0.711319
0.748397
0.630844
0.730773
0.822957
0.765646
0.818627
0.692732
0.667563
0.827626
0.635646
0.675543
0.638362
0.670905
0.764268
0.808539
0.828341
0.721366
0.770254
0.77684
0.791834
0.824186
0.722824
0.870705
0.714916
0.787256
0.742437
0.878742
0.666512
0.930583
0.919656
0.798494
0.707195
0.673888
0.787993
0.927796
0.772803
0.859612
0.805561
0.889548
0.776576
0.529127
0.593809
0.733746
0.91753
0.659344
0.745004
0.799295
0.771252
0.819066
0.738112
0.912737
0.722016
0.828176
0.776487
0.886461
0.876452
0.877786
0.556435
0.697723
0.893548
0.747301
0.769715
0.869634
0.706865
0.852534
0.734443
0.870357
0.513278
0.863261
0.863025
0.668612
0.717975
0.812193
0.883794
0.878288
0.496929
0.721171
0.90803
0.703196
0.613186
0.918354
0.681158
0.745258
0.783989
0.918708
0.702281
0.650399
0.778264
0.92184
0.759187
0.901793
0.814895
0.669255
0.896877
0.579333
0.925375
0.891786
0.820319
0.699445
0.649324
0.85843
0.695281
0.790708
0.717919
0.563911
0.88793
0.620242
0.896523
0.554434
0.821447
0.653692
0.921104
0.743564
0.909681
0.577825
0.641119
0.849075
0.512444
0.861863
0.649925
0.708046
0.665183
0.504285
0.608083
0.754928
0.538043
0.912248
0.544419
0.638718
0.873281
0.661647
0.775405
0.838302
0.834782
0.79376
0.847118
0.681136
0.617182
0.739765
0.565483
0.86284
0.689032
0.89219
0.737279
0.403178
0.673574
0.930728
0.748941
0.59685
0.670115
0.578208
