0.195889
0.19628
0.198821
0.200372
0.199969
0.20252
0.200731
0.202637
0.202387
0.205373
0.197824
0.197499
0.200826
0.200769
0.202729
0.201436
0.200943
0.196915
0.197553
0.19695
0.1985
0.198492
0.197785
0.193707
0.194597
0.193878
0.195339
0.195333
0.196567
0.197633
0.19675
0.202872
0.198713
0.201822
0.202327
0.205653
0.208811
0.205621
0.204093
0.206137
0.204686
0.208065
0.205054
0.206747
0.205786
0.209427
0.207647
0.204744
0.205969
0.201158
0.202222
0.20166
0.196096
0.196574
0.197806
0.200373
0.197179
0.199304
0.198493
0.199019
0.201845
0.19903
0.196053
0.195524
0.198032
0.198092
0.196604
0.198447
0.199326
0.196306
0.203967
0.207064
0.205744
0.204078
0.206366
0.206934
0.210975
0.208411
0.207139
0.205759
0.20472
0.201757
0.201439
0.203516
0.202626
0.199602
0.200405
0.199724
0.198394
