0.732435
0.66819
0.782418
0.871533
0.776538
0.708657
0.791823
0.686232
0.594136
0.839747
0.816251
0.784688
0.828847
0.669426
0.866721
0.740107
0.845225
0.886497
0.82047
0.85114
0.80731
0.849163
0.836048
0.807915
0.827165
0.800362
0.831523
0.794643
0.729487
0.631197
0.611317
0.801107
0.792175
0.781255
0.803092
0.757965
0.593268
0.814524
0.712863
0.75587
0.744342
0.788972
0.652738
0.587827
0.74019
0.740913
0.742951
0.714579
0.749803
0.667989
0.732096
0.741131
0.751154
0.808948
0.702155
0.532972
0.815975
0.632639
0.660572
0.638362
0.69423
0.781542
0.803898
0.768966
0.735693
0.75651
0.807947
0.791574
0.774812
0.722858
0.861304
0.716123
0.75382
0.554486
0.752912
0.8625
0.930009
0.590367
0.858268
0.682614
0.657416
0.811885
0.778288
0.858868
0.716942
0.894441
0.804651
0.904754
0.691785
0.522847
0.693414
0.91809
0.702537
0.7473
0.796728
0.752399
0.828498
0.784605
0.922296
0.769072
0.839613
0.802917
0.930575
0.849623
0.887783
0.542429
0.708032
0.559938
0.734826
0.63019
0.690139
0.865397
0.646615
0.570116
0.776713
0.740862
0.596595
0.808724
0.660749
0.668197
0.713302
0.76946
0.755452
0.777181
0.921639
0.468228
0.721309
0.719647
0.530791
0.814909
0.789239
0.729018
0.885991
0.679673
0.849995
0.674992
0.568117
0.831376
0.91854
0.92317
0.626724
0.915693
0.881122
0.929316
0.544604
0.632834
0.908026
0.759701
0.705685
0.867146
0.660627
0.816983
0.846728
0.721877
0.5661
0.887435
0.620703
0.883562
0.790831
0.848738
0.898873
0.584878
0.674877
0.829435
0.51873
0.744139
0.823598
0.783048
0.553029
0.782572
0.59563
0.672903
0.645175
0.49835
0.679791
0.730822
0.711811
0.909133
0.69753
0.860794
0.728111
0.74796
0.892572
0.824856
0.603503
0.687356
0.793235
0.736963
0.440548
0.657552
0.634721
0.478705
0.466339
0.618891
0.578158
0.733832
0.77297
0.567847
0.550594
