0.744304
0.72874
0.706776
0.606931
0.664287
0.748151
0.822533
0.698717
0.703754
0.733348
0.689386
0.777908
0.841425
0.757723
0.72695
0.865955
0.756785
0.820193
0.784374
0.864581
0.824335
0.877566
0.871661
0.818589
0.87308
0.813204
0.84818
0.788174
0.794279
0.835243
0.873605
0.92084
0.836884
0.79873
0.727223
0.671315
0.618646
0.786814
0.789324
0.787149
0.80484
0.835876
0.587359
0.813902
0.719243
0.753573
0.762376
0.792526
0.738793
0.570278
0.740626
0.712721
0.744267
0.734179
0.746313
0.666797
0.734979
0.811657
0.72553
0.781584
0.692968
0.607669
0.823342
0.615799
0.676555
0.641145
0.663971
0.68369
0.872999
0.730538
0.815348
0.805246
0.777592
0.918073
0.867296
0.749953
0.822446
0.837379
0.894221
0.926829
0.877877
0.774609
0.929331
0.764617
0.858469
0.643102
0.652679
0.78864
0.904205
0.783728
0.854695
0.812821
0.884255
0.47837
0.604347
0.653966
0.910543
0.647227
0.749537
0.796963
0.770887
0.817901
0.735954
0.618413
0.814782
0.832265
0.735104
0.932406
0.883525
0.62455
0.643953
0.805293
0.676786
0.396201
0.798821
0.874553
0.739012
0.701195
0.922825
0.752925
0.763229
0.538028
0.847346
0.792917
0.499639
0.779303
0.705198
0.896842
0.445112
0.751169
0.879208
0.613138
0.38689
0.918403
0.886959
0.896336
0.691107
0.754202
0.82692
0.531303
0.75388
0.923807
0.78438
0.841845
0.869155
0.732705
0.651024
0.821037
0.842417
0.486671
0.924582
0.846074
0.689927
0.617055
0.700249
0.817966
0.675488
0.871491
0.774942
0.717258
0.602999
0.921962
0.614906
0.858467
0.834137
0.83878
0.924861
0.654283
0.759274
0.795221
0.688938
0.672577
0.705793
0.671897
0.567797
0.432579
0.485444
0.850298
0.69673
0.642773
0.496599
0.801296
0.900004
0.849501
0.703224
0.64781
0.818409
0.863284
0.742363
0.463177
0.824722
0.688931
0.591052
0.786561
0.843198
0.835727
0.608806
0.917562
0.752657
0.812062
0.899447
0.727411
0.856167
0.766755
0.868454
0.569986
0.607874
