0.518511
0.579691
0.489877
0.643172
0.555462
0.548805
0.634699
0.606785
0.598978
0.643772
0.536073
0.572138
0.591684
0.590823
0.789162
0.520673
0.638637
0.786881
0.754976
0.70292
0.688984
0.669174
0.746912
0.699647
0.723139
0.700541
0.867676
0.740256
0.752349
0.77958
0.844063
0.784556
0.805418
0.78142
0.864112
0.816895
0.734209
0.763854
0.87166
0.830525
0.838542
0.843718
0.817281
0.829077
0.788468
0.848937
0.822026
0.833175
0.838051
0.870142
0.777264
0.828221
0.74336
0.724995
0.673545
0.670945
0.786793
0.771432
0.787405
0.803118
0.77886
0.615622
0.81415
0.714476
0.68559
0.766003
0.780804
0.740861
0.539033
0.731804
0.716665
0.752351
0.714698
0.752108
0.68089
0.725059
0.649673
0.726779
0.788879
0.692832
0.6755
0.829544
0.634947
0.650322
0.652114
0.5888
0.677539
0.869724
0.728597
0.820983
0.795009
0.767622
0.915648
0.926324
0.776047
0.79379
0.82586
0.893616
0.926827
0.532295
0.847466
0.853453
0.923752
0.764585
0.856547
0.676882
0.624071
0.788352
0.926089
0.891479
0.866715
0.811439
0.767015
0.485971
0.675276
0.496237
0.672677
0.763058
0.804616
0.870354
0.866762
0.871788
0.933994
0.867876
0.743586
0.853599
0.815329
0.497646
0.509593
0.545489
0.804503
0.659494
0.463827
0.647083
0.903629
0.790003
0.570212
0.92481
0.780609
0.817595
0.656273
0.578961
0.848082
0.464347
0.853384
0.758187
0.761206
0.861835
0.466966
0.898553
0.655091
0.778776
0.502229
0.768384
0.877377
0.858981
0.700888
0.815456
0.903321
0.56003
0.783465
0.916959
0.923701
0.649925
0.756111
0.813008
0.867551
0.752674
0.475383
0.919794
0.74883
0.793491
0.760742
0.769215
0.81797
0.665766
0.740035
0.826118
0.71908
0.540216
0.884095
0.780164
0.444963
0.415632
0.81971
0.548002
0.783304
0.561619
0.900986
0.732785
0.7653
0.482411
0.673893
0.549804
0.865994
0.735027
0.614439
0.857698
0.643628
0.771945
0.827961
0.832679
0.643262
0.619635
0.743392
0.728475
0.765249
0.912994
0.572184
0.711349
0.797744
0.826273
0.853482
0.440321
0.663059
0.690935
0.915943
0.482626
0.7248
0.926664
0.385925
0.751844
0.56851
