0.20752
0.210455
0.211828
0.207824
0.212369
0.21208
0.214193
0.214396
0.211728
0.210724
0.208426
0.203691
0.206056
0.206493
0.205645
0.20629
0.207891
0.210247
0.207328
0.202542
0.203837
0.201854
0.200981
0.200253
0.197328
0.197283
0.198706
0.197729
0.202396
0.209143
0.211206
0.21241
0.213209
0.210628
0.218133
0.209803
0.213279
0.213334
0.211844
0.213292
0.215526
0.212385
0.21357
0.20563
0.203054
0.199074
0.201645
0.198077
0.202026
0.200811
0.204083
0.206334
0.210831
0.207965
0.207109
0.208578
0.204239
0.209811
0.210574
0.209723
0.210421
0.207831
0.20854
0.215734
0.219058
0.223166
0.21618
0.215252
0.216006
0.215825
0.21192
0.21378
0.211163
0.215096
0.213793
0.213357
0.211945
0.211222
0.212208
0.209396
0.209563
0.204372
0.207906
0.207958
0.209657
0.210953
0.211887
0.2143
0.213595
0.215083
0.211932
0.215108
0.213815
0.216849
0.223402
0.224649
0.222198
0.215641
0.217041
0.212558
0.219957
0.219782
0.212078
0.217736
0.209276
0.212885
0.213642
0.214485
0.218129
0.218368
0.215426
0.209151
0.215858
0.209711
0.220884
0.21811
0.221772
0.220678
0.21759
0.222642
0.221431
0.220856
0.222938
0.227091
0.221401
0.219448
0.215239
0.217606
0.21545
0.217628
0.21784
0.213225
0.218257
0.209797
0.215221
0.214014
0.21682
0.220093
0.224752
0.220251
0.221977
0.221618
0.221393
0.222822
0.219572
0.225212
0.225982
0.221964
0.213652
0.221101
0.219448
0.209656
0.217039
0.214901
0.214002
0.214388
0.221512
0.221877
0.220456
0.21518
0.220685
0.225652
0.219426
0.230356
0.229928
0.226013
0.225287
0.224037
0.221145
0.224942
0.22604
0.209615
0.223241
0.220436
0.223568
0.223315
0.221348
0.216126
0.223994
0.220037
0.225498
0.223533
0.22869
0.23057
0.227853
0.225604
0.222576
0.219643
0.221098
0.22173
0.221949
0.21894
0.218654
0.220737
0.220022
0.222314
0.225854
0.224316
0.226036
0.223048
0.22746
0.229965
0.227234
0.225485
0.219667
0.21349
0.223895
0.222418
0.221572
0.225171
0.221348
0.220582
0.218558
0.21205
0.219324
0.221219
0.221435
0.219228
0.2198
0.221891
0.21313
0.219511
0.23166
0.232616
0.232995
0.236749
0.235201
0.230652
0.226286
0.224942
0.22443
0.220803
0.226285
0.213963
0.224159
0.226554
0.22651
0.226605
0.235154
0.236187
0.239025
0.23005
0.233119
0.232674
0.22531
0.228277
0.222681
0.22161
0.222161
0.224766
0.2139
0.229811
0.236509
0.235063
0.238464
0.236602
0.237535
0.239129
0.232656
0.228979
0.232867
0.220656
0.229096
0.229998
0.227528
0.230578
0.237256
0.236778
0.240125
0.22384
0.23439
0.241338
0.240087
0.238563
0.23831
0.228187
0.232474
0.23214
0.232858
0.234977
0.234338
0.224367
0.234518
0.235763
0.241452
0.241507
0.236299
0.241035
0.239828
0.23775
0.238955
0.231459
0.237611
0.230604
0.242549
0.240058
0.230738
0.243111
0.241613
0.240962
0.235333
0.239255
0.239237
0.238427
0.237813
0.24128
0.23777
0.232324
0.238415
0.237376
0.242067
0.24238
0.236049
0.241803
0.239503
0.244996
0.239888
0.235546
0.239821
0.237277
0.235569
0.240065
0.234873
0.235924
0.227137
0.238634
0.241044
0.248923
0.227802
0.235374
0.239916
0.234944
0.241413
0.239123
0.236888
0.241575
0.239826
0.242843
0.241621
0.239921
0.248358
0.244414
0.24713
0.249392
0.238926
0.241705
0.238903
0.242433
0.242232
0.24509
0.240614
0.23281
0.238682
0.240983
0.246177
0.243966
0.232671
0.238054
0.239041
0.24154
0.251325
0.239754
0.24833
0.241271
0.24583
0.245048
0.243064
0.246752
0.245247
0.238863
0.246116
0.24741
0.249788
0.244374
0.224148
0.244837
0.250773
0.228405
0.250889
0.244324
0.239785
0.250033
0.255806
0.236885
0.249777
0.249158
0.2477
0.228784
0.233846
0.242294
0.231069
0.247164
0.253881
0.243177
0.248752
0.258743
0.255647
0.251158
0.254405
0.248568
0.254234
0.240866
0.245336
0.238778
0.248089
0.246145
0.245478
0.255763
0.264294
0.265871
0.245473
0.255331
0.254766
0.259672
0.253558
0.238737
0.250605
0.248334
