0.868107
0.801307
0.856979
0.804483
0.84259
0.852695
0.801331
0.758819
0.8182
0.826984
0.74007
0.83431
0.786292
0.729164
0.63073
0.592416
0.795368
0.766691
0.784861
0.80473
0.831748
0.600004
0.809747
0.683221
0.756244
0.747687
0.747897
0.732129
0.675114
0.68732
0.736731
0.749999
0.694941
0.750995
0.665247
0.694936
0.828077
0.697301
0.786868
0.692732
0.672162
0.832051
0.616241
0.661311
0.698429
0.658861
0.679889
0.821383
0.757218
0.800407
0.810012
0.777297
0.916514
0.797294
0.790285
0.721545
0.861715
0.713604
0.78841
0.7015
0.875437
0.73189
0.815488
0.92059
0.789994
0.614628
0.650624
0.795795
0.876001
0.715537
0.873205
0.805823
0.565788
0.642409
0.919457
0.683404
0.742818
0.842102
0.757542
0.80926
0.752193
0.787343
0.656095
0.802075
0.522045
0.864763
0.559194
0.804437
0.571552
0.780288
0.669193
0.811476
0.748668
0.766926
0.807727
0.841227
0.516096
0.775393
0.744162
0.724347
0.705718
0.768962
0.939632
0.823425
0.459525
0.65251
0.654155
0.546251
0.817626
0.412099
0.412968
0.848756
0.67417
0.881123
0.69785
0.808889
0.830376
0.683653
0.614007
0.635705
0.926962
0.74627
0.644499
0.755816
0.853806
0.700819
0.634957
0.603265
0.922288
0.720232
0.781069
0.665792
0.657116
0.586326
0.673041
0.550186
0.851888
0.703981
0.5628
0.924397
0.637993
0.884499
0.765979
0.815615
0.922877
0.628353
0.730954
0.66624
0.52236
0.884579
0.675174
0.805785
0.707656
0.528157
0.646805
0.823726
0.734278
0.690365
0.590976
0.643141
0.891121
0.762289
0.914305
0.823766
0.609756
0.690663
0.516593
0.714528
0.920491
0.732857
0.736108
0.782423
0.652982
0.603958
0.679474
0.858757
0.465102
0.623152
0.740999
0.765822
0.586408
0.491856
0.724836
0.629665
0.864165
0.7957
0.676964
0.526795
0.778554
