0.36741
0.350897
0.336951
0.361509
0.350492
0.330669
0.352229
0.361442
0.372835
0.355613
0.32913
0.365721
0.356282
0.341939
0.322318
0.385438
0.370686
0.345474
0.390713
0.370846
0.377747
0.355067
0.360247
0.346995
0.38319
0.396188
0.359336
0.391955
0.387267
0.363757
0.391125
0.365591
0.363699
0.40079
0.403702
0.386162
0.422528
0.361113
0.394918
0.38002
0.359127
0.409229
0.397833
0.380585
0.37725
0.41012
0.43433
0.407087
0.416255
0.39055
0.430086
0.450216
0.407113
0.428494
0.391298
0.393046
0.393363
0.427776
0.407969
0.46357
0.362309
0.451923
0.45392
0.39858
0.470596
0.496017
0.374971
0.445336
0.436127
0.505062
0.404934
0.480155
0.429319
0.494118
0.454543
0.454992
0.500489
0.430611
0.459164
0.376032
0.478054
0.427322
0.467514
0.49009
0.470149
0.516566
0.463697
0.584092
0.517142
0.438638
0.500191
0.510435
0.487167
0.529879
0.489874
0.545608
0.558322
0.549391
0.498522
0.520322
0.407971
0.568011
0.575575
0.590724
0.563116
0.648178
0.516173
0.595766
0.582598
0.607955
0.65693
0.692116
0.684486
0.50228
0.627164
0.758669
0.603123
0.667994
0.577345
0.663016
0.776163
0.72846
0.764891
0.868623
0.66438
0.744581
0.767213
0.720705
0.732852
0.826825
0.72592
0.841566
0.782213
0.754204
0.722226
0.736738
0.887675
0.824447
0.861063
0.869653
0.786146
0.831254
0.81649
0.844891
0.816541
0.784249
0.82882
0.875408
0.920291
0.835094
0.72712
0.773237
0.764114
0.671927
0.614234
0.743692
0.789292
0.789458
0.803102
0.762423
0.727144
0.809575
0.686482
0.724976
0.735168
0.796286
0.718925
0.554143
0.733012
0.694277
0.746278
0.736521
0.752239
0.734251
0.692729
0.643192
0.759816
0.811524
0.692732
0.677005
0.826911
0.56459
0.657361
0.64502
0.830857
0.774415
0.794516
0.740302
0.73994
0.770039
0.807247
0.797528
0.802354
0.721826
0.87066
0.719456
0.745367
0.703696
0.882245
0.667558
0.901076
0.921137
0.819019
0.614437
0.671584
0.793971
0.914161
0.770996
0.850283
0.803423
0.888037
0.679756
0.937124
0.928562
0.930778
0.742644
0.820766
0.75225
0.811991
0.74004
0.917418
0.800433
0.696715
0.654919
0.911758
0.780478
0.677293
0.464197
0.804186
0.562559
0.58399
0.750829
0.722037
0.878328
0.647969
0.664932
0.923153
0.793268
0.804176
0.543603
0.854506
0.670258
0.728686
0.790975
0.892761
0.897971
0.459583
0.781138
0.901961
0.562376
0.862718
0.403678
0.430735
0.753992
0.886879
0.72867
0.858301
0.905744
0.73095
0.633161
0.917477
0.639191
0.747517
0.543515
0.71245
0.870916
0.62955
0.850557
0.754074
0.792811
0.660336
0.683728
0.883724
0.697068
0.509753
0.783033
0.739527
0.913887
0.654384
0.855468
0.461039
0.816931
0.453375
0.687699
0.898401
0.787018
0.689705
0.656253
0.771116
0.74994
0.747569
0.598584
0.860219
0.722314
0.604496
0.851721
0.656712
0.759095
0.69112
0.618315
0.826729
0.713117
0.431036
0.919639
0.851688
0.876446
0.749679
0.735106
0.859248
0.864337
0.402928
0.697075
0.894042
0.474532
0.478499
0.67281
0.662295
0.826054
0.596749
0.617416
0.595021
