0.214251
0.215811
0.221213
0.223991
0.223077
0.222891
0.220023
0.215723
0.205392
0.218281
0.217529
0.22065
0.221355
0.214798
0.220989
0.210825
0.226902
0.227279
0.231857
0.229549
0.232347
0.224319
0.227771
0.227741
0.224749
0.225297
0.2168
0.226456
0.222638
0.222181
0.224782
0.224833
0.233942
0.234515
0.225846
0.236011
0.233939
0.226639
0.234752
0.219102
0.227608
0.230262
0.22493
0.229369
0.217703
0.222568
0.226119
0.229133
0.23334
0.238643
0.237558
0.235876
0.236651
0.226625
0.234114
0.229241
0.232091
0.232802
0.229936
0.231942
0.234695
0.237956
0.233893
0.241388
0.22384
0.238025
0.242736
0.239277
0.239323
0.235392
0.226894
0.235937
0.225562
0.235864
0.23487
0.235579
0.235251
0.237849
0.241282
0.236249
0.228429
0.2401
0.229532
0.242748
0.22443
0.237544
0.237125
0.227839
0.232471
0.239245
0.238513
0.233341
0.231792
0.243157
0.233133
0.229795
0.236946
0.241061
0.241285
0.238175
0.236862
0.240256
0.241612
0.236238
0.2353
0.244096
0.241866
0.234023
0.242074
0.236308
0.239402
0.239763
0.238368
0.229957
0.234804
0.238632
0.232916
0.23702
0.239388
0.241917
0.242126
0.247129
0.228901
0.23528
0.24017
0.234837
0.240422
0.239189
0.242901
0.23707
0.241444
0.243356
0.243517
0.244228
0.245123
0.244578
0.24154
0.244077
0.236619
0.236967
0.245339
0.244278
0.225969
0.241454
0.234957
0.232767
0.234522
0.2398
0.245329
0.238089
0.248609
0.247795
0.251169
0.250074
0.249743
0.249365
0.248994
0.243084
0.237439
0.250854
0.243401
0.247272
0.240281
0.249141
0.233959
0.24671
0.224823
0.24478
0.244927
0.247457
0.249488
0.244728
0.245155
0.252344
0.255463
0.255395
0.254719
0.247918
0.248522
0.246286
0.246367
0.240411
0.242541
0.241407
0.242709
0.252266
0.247883
0.244329
0.250755
0.256571
0.245426
0.245369
0.254266
0.24355
0.23837
0.245795
0.247889
0.253782
0.24753
0.254816
0.265499
0.264735
0.263809
0.255768
0.257194
0.259022
0.253095
0.251458
0.236025
0.251634
0.243317
0.251769
0.251012
0.266738
0.269482
0.274765
0.261582
0.245128
0.26181
0.258186
0.24311
0.244794
0.24308
0.260484
0.262637
0.273951
0.263841
0.271446
0.271695
0.267459
0.263198
0.264326
0.255496
0.263224
0.27074
0.267224
0.289615
0.269408
0.28726
0.245788
0.23092
0.269309
0.27045
0.248696
0.273752
0.284349
0.28391
0.291032
0.293511
0.288666
0.285096
0.273592
0.25814
0.228975
0.277967
0.285285
0.296942
0.294308
0.276581
0.288072
0.270681
0.281931
0.261664
0.28663
0.269293
0.280793
0.275201
0.311367
0.279686
0.298853
0.267798
0.258783
0.276351
0.271056
0.299178
0.315759
0.319496
0.285226
0.308245
0.286981
0.274085
0.298787
0.282299
0.300113
0.325497
0.319844
0.303116
0.321008
0.304926
0.305756
0.307771
0.301237
0.299347
0.327132
0.330923
0.326908
0.301569
0.307679
0.319249
0.301506
0.336512
0.343274
0.33913
0.329928
0.332487
0.319401
0.331065
0.328641
0.325692
0.326852
0.348759
0.354668
0.350493
0.326454
0.33429
0.331921
0.307046
0.340187
0.352679
0.346883
0.346958
0.349873
0.314664
0.320233
0.340766
0.356456
0.338393
0.338594
0.340454
0.294354
0.347208
0.34779
0.365532
0.361312
0.338347
0.314964
0.351121
0.333419
0.359204
0.375474
0.329265
0.351672
0.374963
0.37207
0.319984
0.353669
0.354519
0.349077
0.355233
0.394955
0.342391
0.388048
0.377513
0.355634
0.400819
0.347022
0.407507
0.340274
0.40081
0.427364
0.375093
0.431463
0.348339
0.39966
0.364581
0.393913
0.40251
0.37815
0.357787
0.447001
0.410278
0.420933
0.42601
0.406243
0.410301
0.379541
0.464392
0.435502
0.444104
0.422668
0.472667
0.380156
0.530634
0.436666
0.448838
0.456563
0.439928
0.415693
0.46654
0.467976
0.494473
0.455303
0.461856
0.448488
0.471877
0.478355
0.483505
0.448962
0.483088
0.498212
0.426683
0.505581
0.414181
0.419352
0.496211
0.516919
0.449326
0.532479
0.519984
0.524563
0.529252
0.583709
0.488183
0.529267
0.572975
0.537684
0.487081
0.520481
0.57641
0.608245
0.63559
0.545587
0.50385
0.576634
0.625207
0.614293
0.605876
0.449477
0.619107
0.429941
0.632112
0.65496
0.713323
0.793139
0.655164
0.66808
0.661033
0.751139
0.700079
0.587495
0.811923
0.572053
0.657401
0.719151
0.771755
0.568824
0.759884
0.785132
0.86755
0.663655
0.778181
0.829943
0.787083
0.817595
0.795614
0.83574
0.847439
0.708423
0.833158
0.797783
0.807927
0.823727
0.885207
0.793733
0.873857
0.812725
0.866309
0.849781
0.776843
0.795631
0.86649
0.927335
0.829387
0.766601
0.730613
0.668462
0.596305
0.815182
0.792723
0.764801
0.793707
0.835199
0.630115
0.755003
0.713622
0.699617
0.729491
0.78874
0.741204
0.586071
0.706501
0.722648
0.718354
0.741682
0.749732
0.666732
0.732295
0.826184
0.736701
0.813655
0.697911
0.513325
0.82292
0.58119
0.682086
0.705532
0.663689
0.683055
0.833005
0.752256
0.800472
0.804703
0.762576
0.923667
0.791645
0.757867
0.644969
0.870918
0.714535
0.66922
0.704383
0.876811
0.772061
0.933275
0.724063
0.854709
0.629712
0.623968
0.795733
0.825014
0.784051
0.861188
0.795081
0.889826
0.527581
0.476787
0.692956
0.909967
0.645595
0.612643
0.820036
0.768452
0.820395
0.730683
0.622216
0.805926
0.859599
0.66893
0.930992
0.69488
0.813572
0.552102
0.490552
0.564674
0.626731
0.776975
0.902356
0.788583
0.613079
0.743158
0.807352
0.821923
0.502782
0.924201
0.7105
0.690486
0.67994
0.726575
0.800815
0.662533
0.781098
0.904427
0.517263
0.629651
0.901413
0.689715
0.875357
0.72392
0.463062
0.848742
0.880223
0.749234
0.774778
0.92124
0.627536
0.777368
0.845966
0.789607
0.832989
0.916507
0.775405
0.86656
0.888767
0.509463
0.817803
0.474772
0.905715
0.839482
0.778725
0.741671
0.610983
0.688965
0.614537
0.631488
0.530312
0.835941
0.70515
0.653773
0.851637
0.808739
0.811138
0.73139
0.682343
0.788868
0.697978
0.516651
0.674749
0.843462
0.764948
0.543073
0.616179
0.651926
0.667965
0.604877
0.65386
0.599112
0.74826
0.91353
0.691874
0.85121
0.792521
0.397876
0.567612
0.66712
0.716778
0.458191
0.683896
0.798371
0.90017
0.772298
0.915482
0.541255
0.547007
0.929115
0.575258
0.673506
0.652726
0.782377
