0.200696
0.204458
0.20521
0.209013
0.210247
0.209311
0.20839
0.208143
0.208663
0.209631
0.21027
0.209999
0.210326
0.210162
0.217159
0.219266
0.219529
0.219147
0.215311
0.21442
0.215979
0.215992
0.213653
0.215244
0.219175
0.214305
0.215065
0.212316
0.208635
0.212693
0.204271
0.20643
0.204115
0.210068
0.205477
0.209672
0.212981
0.216504
0.207915
0.214365
0.214976
0.210216
0.215432
0.217753
0.223691
0.22269
0.2202
0.216514
0.214724
0.212311
0.21999
0.215199
0.210036
0.214116
0.215529
0.213763
0.214253
0.213689
0.207102
0.216959
0.210852
0.212114
0.210633
0.222584
0.221285
0.220487
0.2157
0.219978
0.22249
0.222454
0.224338
0.226388
0.224107
0.221087
0.219448
0.21448
0.215919
0.217627
0.216875
0.213269
0.216425
0.215728
0.216212
0.214577
0.213591
0.220712
0.22494
0.228331
0.220339
0.216504
0.221149
0.219759
0.209908
0.223339
0.222535
0.216789
0.221003
0.21909
0.221349
0.218901
0.215858
0.216464
0.211729
0.221716
0.216495
0.221388
0.209242
0.224383
0.22705
0.221299
0.221052
0.229433
0.221364
0.222685
0.226682
0.217723
0.224911
0.224992
0.210865
0.218272
0.212126
0.216963
0.21864
0.222755
0.223621
0.219928
0.227094
0.219453
0.220461
0.228445
0.227121
0.224865
0.226838
0.221336
0.219238
0.217057
0.218391
0.222092
0.224969
0.217999
0.225276
0.221672
0.227853
0.227586
0.228506
0.227725
0.228693
0.226082
0.22264
0.209726
0.223223
0.220281
0.222684
0.22228
0.222223
0.217016
0.221608
0.221814
0.219144
0.218894
0.221441
0.215189
0.221096
0.211185
0.228205
0.230841
0.233928
0.232656
0.233377
0.229222
0.230075
0.222069
0.227874
0.226902
0.215143
0.224007
0.219563
0.23359
0.230351
0.224322
0.235908
0.232407
0.236564
0.22001
0.234282
0.219102
0.227782
0.227311
0.219037
0.224083
0.217899
0.222161
0.227894
0.230365
0.234568
0.233325
0.232173
0.23771
0.238399
0.237471
0.234745
0.230577
0.231674
0.230985
0.230377
0.222763
0.236055
0.231144
0.236601
0.24028
0.239675
0.221365
0.239154
0.238628
0.236303
0.238418
0.222009
0.236236
0.234521
0.230192
0.238712
0.239155
0.230721
0.237026
0.236931
0.23744
0.240048
0.238657
0.239623
0.24149
0.240441
0.237521
0.23081
0.235463
0.236938
0.242046
0.241889
0.235214
0.23228
0.23791
0.224059
0.242504
0.232549
0.238028
0.238501
0.222716
0.231187
0.23167
0.226109
0.236928
0.239599
0.241496
0.236362
0.223788
0.237967
0.240814
0.239285
0.240184
0.236205
0.236473
0.240338
0.238627
0.238089
0.241343
0.244314
0.240772
0.247097
0.248725
0.245043
0.238545
0.244802
0.240517
0.239031
0.237963
0.240876
0.240353
0.242103
0.244928
0.231628
0.23976
0.244077
0.241909
0.244903
0.237978
0.240273
0.241044
0.243006
0.245984
0.226413
0.225499
0.217896
0.243319
0.234847
0.245034
0.230945
0.245528
0.246352
0.233358
0.246994
0.245194
0.251063
0.246754
0.245876
0.239146
0.247765
0.251286
0.24477
0.237699
0.235291
0.249661
0.245944
0.247276
0.247193
0.236518
0.230346
0.24122
0.245508
0.246971
0.253837
0.249866
0.252026
0.251215
0.248063
0.242921
0.234083
0.244992
0.2373
0.246277
0.247732
0.236761
0.245985
0.260786
0.252217
0.248105
0.248391
0.252706
0.241216
0.242068
0.25172
0.253259
0.247825
0.250441
0.265962
0.254318
0.268862
0.257135
0.26296
0.248726
0.25517
0.236268
0.245237
0.250793
0.251427
0.246136
0.260613
0.27003
0.272324
0.26382
0.270945
0.256989
0.254129
0.238869
0.254425
0.242782
0.25898
0.257838
0.234581
0.260498
0.2678
0.254896
0.274092
0.263645
0.247461
0.252874
0.252967
0.270771
0.26973
0.274807
0.28517
0.262729
0.281736
0.282145
0.278033
0.265828
0.26351
0.268672
0.273509
0.282684
0.2872
0.291553
0.261531
0.270153
0.270848
0.283345
0.274919
0.259407
0.274977
0.260558
0.283313
0.28338
0.296091
0.288386
0.279896
0.25894
0.27829
0.260462
0.284668
0.275816
0.285903
0.311226
0.279258
0.302236
0.283629
0.284474
0.272937
0.267178
0.278831
0.292667
0.309778
0.285052
0.296799
0.28561
0.298819
0.301808
0.301836
0.303365
0.317603
0.302643
0.312323
0.312925
0.293073
0.304986
0.304432
0.297263
0.309214
0.313538
0.325047
0.295712
0.324997
0.290754
0.30831
0.290944
0.327357
0.29057
0.321559
0.334918
0.323419
0.330134
0.31644
0.306225
0.332873
0.33797
0.325162
0.356961
0.307933
0.318306
0.333764
0.307642
0.330868
0.351251
0.309315
0.355373
0.33146
0.297173
0.35019
0.349573
0.324691
0.331633
0.355804
0.336945
0.367876
0.359314
0.344977
0.357945
0.35223
0.354534
0.364732
0.350818
0.36391
0.373618
0.32916
0.29879
0.318049
0.352715
0.374054
0.375634
0.39299
0.365132
0.339524
0.388749
0.35964
0.369076
0.331352
0.424365
0.36482
0.400216
0.398549
0.344891
0.383833
0.390337
0.374366
0.405737
0.349827
0.400098
0.400447
0.378756
0.390285
0.359008
0.369309
0.396687
0.412983
0.380547
0.401099
0.417459
0.390773
0.414074
0.433525
0.41337
0.426046
0.42727
0.385401
0.417145
0.407044
0.347726
0.358206
0.387753
0.460381
0.40445
0.419039
0.4454
0.435002
0.387308
0.476203
0.455772
0.385673
0.426016
0.435803
0.423422
0.462187
0.485832
0.394212
0.489042
0.439695
0.477763
0.417255
0.49331
0.412254
0.477858
0.459283
0.434988
0.437684
0.453182
0.417407
0.422445
0.484035
0.488094
0.52026
0.419739
0.493813
0.527532
0.49496
0.545688
0.55711
0.56188
0.498456
0.427498
0.498935
0.514811
0.637224
0.57426
0.507717
0.655696
0.512827
0.583875
0.641685
0.550918
0.636697
0.60336
0.667971
0.67961
0.788535
0.686675
0.665075
0.742428
0.71925
0.584322
0.705503
0.585091
0.551127
0.63752
0.735288
0.72907
0.783356
0.866581
0.67978
0.779433
0.840991
0.787286
0.838163
0.791105
0.741989
0.843218
0.711728
0.768879
0.881325
0.827536
0.772911
0.86827
0.906267
0.875773
0.761868
0.879548
0.848937
0.851063
0.839214
0.811732
0.794219
0.836884
0.798063
0.792516
0.748165
0.685716
0.592302
0.795673
0.714724
0.775768
0.807498
0.834936
0.721219
0.756984
0.71375
0.761966
0.746623
0.784081
0.740714
0.587381
0.695417
0.716665
0.742769
0.720247
0.856876
0.906072
0.905
0.885114
0.85603
0.927516
0.902681
0.783015
0.789425
0.824561
0.870945
0.797605
0.784084
0.724148
0.762508
0.786426
0.819124
0.733751
0.769393
0.807739
0.793649
0.802312
0.72159
0.86479
0.714912
0.787225
0.701505
0.874899
0.772385
0.93201
0.752006
0.859524
0.753611
0.790239
0.776638
0.913224
0.782395
0.85997
0.821114
0.889379
0.401361
0.595247
0.708156
0.775933
0.882681
0.747835
0.814774
0.771262
0.81367
0.738195
0.917017
0.801733
0.836357
0.694116
0.93093
0.910491
0.853247
0.679787
0.59523
0.541212
0.608328
0.50211
0.684193
0.807691
0.644967
0.724757
0.576083
0.804147
0.800565
0.657239
0.854856
0.692234
0.723685
0.781512
0.694119
0.640486
0.466648
0.917781
0.47391
0.809877
0.584981
0.917622
0.877527
0.883674
0.680745
0.89171
0.913475
0.81966
0.588946
0.644172
0.841499
0.788419
0.757207
0.915931
0.899969
0.891043
0.465553
0.925676
0.696674
0.752912
0.846785
0.633208
0.627042
0.717282
0.482376
0.819069
0.789576
0.85432
0.744955
0.461713
0.808366
0.852942
0.838129
0.812942
0.528219
0.771839
0.497106
0.667113
0.720701
0.68364
0.474846
0.491016
0.697128
0.664025
0.631304
0.796513
0.898831
0.761425
0.825422
0.823775
0.592737
0.664382
0.904221
0.789807
0.903781
0.89773
0.598942
0.603926
0.47913
0.880936
0.86284
0.472327
0.745173
0.864899
0.568678
0.57357
0.647946
0.778374
0.769865
0.641869
0.798879
