0.220096
0.219707
0.215768
0.215314
0.211991
0.221029
0.218428
0.222559
0.222457
0.216208
0.223723
0.230655
0.225881
0.228989
0.225309
0.226231
0.222289
0.221305
0.224267
0.220822
0.219379
0.220404
0.222307
0.222322
0.221022
0.22243
0.224254
0.227057
0.222733
0.228821
0.22936
0.23068
0.223364
0.223485
0.228353
0.223141
0.220524
0.22506
0.224416
0.217623
0.221724
0.220673
0.222261
0.223119
0.223074
0.225174
0.222379
0.224951
0.226825
0.228895
0.228017
0.220939
0.21675
0.223951
0.226059
0.220152
0.222721
0.212232
0.222094
0.214492
0.218699
0.221149
0.219836
0.219204
0.221917
0.219729
0.21994
0.221206
0.227116
0.228509
0.227559
0.231055
0.231729
0.23346
0.232025
0.228812
0.228996
0.228025
0.222587
0.22549
0.226719
0.214846
0.224722
0.233484
0.226315
0.22818
0.234265
0.239096
0.233962
0.22981
0.218642
0.226261
0.227532
0.213761
0.221393
0.225952
0.216968
0.225834
0.230082
0.224906
0.238964
0.239601
0.239819
0.237498
0.237561
0.234441
0.236496
0.231379
0.23106
0.225322
0.23227
0.223405
0.225443
0.236168
0.242149
0.22438
0.240877
0.232119
0.237158
0.242548
0.240397
0.234459
0.236422
0.228124
0.232665
0.233861
0.229631
0.223157
0.236826
0.235656
0.237993
0.241414
0.242515
0.217011
0.237588
0.238233
0.243088
0.236358
0.234324
0.238076
0.237092
0.233841
0.240247
0.241147
0.243384
0.237266
0.243255
0.22881
0.235726
0.241358
0.237703
0.228038
0.237257
0.236176
0.23167
0.23723
0.234256
0.238435
0.232984
0.233917
0.242323
0.240516
0.239954
0.23854
0.234554
0.23065
0.234022
0.235478
0.241
0.236704
0.241343
0.244086
0.239927
0.240123
0.248844
0.245106
0.2432
0.238761
0.24448
0.23987
0.238563
0.238467
0.232656
0.243306
0.24142
0.243575
0.23174
0.243317
0.245415
0.246287
0.244118
0.237415
0.235256
0.244767
0.246897
0.24561
0.231229
0.238554
0.234425
0.241113
0.239098
0.241154
0.240724
0.24119
0.239183
0.243224
0.248464
0.247128
0.251183
0.250461
0.243311
0.232233
0.229306
0.249317
0.25112
0.2459
0.237009
0.246017
0.246694
0.246311
0.230568
0.24857
0.241732
0.248451
0.241646
0.244047
0.252596
0.250476
0.251986
0.254943
0.249927
0.24934
0.246577
0.232456
0.232274
0.244074
0.242565
0.247456
0.253114
0.250055
0.233913
0.241052
0.25988
0.252666
0.252374
0.247004
0.254593
0.24981
0.245982
0.245886
0.239252
0.246947
0.250837
0.258073
0.263342
0.265107
0.268229
0.253218
0.257201
0.256062
0.2544
0.252504
0.250295
0.250997
0.249878
0.250965
0.260606
0.272146
0.274933
0.265317
0.267059
0.24934
0.223926
0.254089
0.242271
0.260165
0.259424
0.264206
0.263101
0.27347
0.261587
0.27431
0.256692
0.249799
0.240723
0.261928
0.26755
0.260844
0.266733
0.279938
0.256489
0.284666
0.27544
0.265651
0.270832
0.2707
0.272316
0.281034
0.285806
0.295767
0.289965
0.283336
0.274919
0.265798
0.257364
0.275628
0.279409
0.277154
0.298466
0.300791
0.276931
0.282248
0.276159
0.245915
0.276984
0.277603
0.284262
0.301431
0.303763
0.307202
0.302478
0.295485
0.282629
0.286394
0.275452
0.292452
0.28018
0.318216
0.301877
0.308856
0.292638
0.303153
0.299356
0.305056
0.317571
0.281146
0.32785
0.306906
0.316029
0.313052
0.305359
0.305992
0.309938
0.300735
0.319893
0.320622
0.316197
0.326045
0.322778
0.310054
0.311646
0.318789
0.327185
0.332411
0.328318
0.342872
0.315867
0.314154
0.324559
0.332952
0.323133
0.341254
0.349128
0.332417
0.352342
0.30561
0.317606
0.344715
0.343918
0.354189
0.35003
0.317089
0.351869
0.283365
0.337344
0.344467
0.359986
0.344038
0.349301
0.358829
0.324903
0.309117
0.340018
0.358444
0.311667
0.37276
0.339752
0.362009
0.36618
0.370039
0.350938
0.358406
0.312721
0.37716
0.350957
0.356557
0.364562
0.37961
0.341687
0.367651
0.37696
0.374183
0.394825
0.398955
0.385291
0.401403
0.355219
0.379412
0.397037
0.369379
0.340643
0.409832
0.397157
0.420856
0.427336
0.391756
0.433129
0.424452
0.415402
0.390332
0.390281
0.399436
0.400196
0.41039
0.409103
0.411405
0.434254
0.426947
0.430563
0.390839
0.423246
0.425888
0.408331
0.394123
0.449903
0.374767
0.454306
0.450532
0.468806
0.517367
0.422667
0.429886
0.439821
0.443273
0.432841
0.424017
0.451477
0.389102
0.422827
0.413334
0.456041
0.397245
0.468519
0.488402
0.435502
0.42683
0.493736
0.488091
0.504699
0.449601
0.451748
0.458212
0.375733
0.399825
0.511902
0.499223
0.487341
0.537261
0.452618
0.47256
0.568071
0.47812
0.518288
0.581972
0.6335
0.641557
0.562031
0.541213
0.476183
0.578307
0.53294
0.621794
0.560758
0.5963
0.699597
0.668955
0.748028
0.684119
0.657129
0.599689
0.561549
0.728527
0.691971
0.814825
0.60511
0.670993
0.7699
0.663716
0.731466
0.735561
0.712227
0.845321
0.781835
0.741686
0.780287
0.842032
0.758241
0.730683
0.835175
0.811223
0.751743
0.776901
0.876076
0.828282
0.79816
0.884092
0.81023
0.830587
0.742276
0.849163
0.798805
0.798912
0.813605
0.877769
0.78951
0.818723
0.712069
0.72769
0.668969
0.592429
0.787004
0.769076
0.776306
0.802412
0.835106
0.720587
0.813025
0.650498
0.724997
0.747127
0.702076
0.741874
0.587375
0.691311
0.701309
0.716553
0.719975
0.750605
0.688474
0.717103
0.832591
0.760852
0.789447
0.692747
0.668784
0.829297
0.614002
0.671657
0.691586
0.510068
0.680148
0.872996
0.730241
0.784901
0.803741
0.80005
0.911691
0.60715
0.817183
0.722419
0.870642
0.694248
0.748164
0.703539
0.884881
0.764252
0.924654
0.911971
0.805859
0.614564
0.652679
0.793833
0.919794
0.782512
0.860924
0.815099
0.868997
0.759667
0.473353
0.731225
0.838478
0.768942
0.932
0.735638
0.828951
0.771508
0.836482
0.795695
0.650745
0.819096
0.745371
0.786563
0.86392
0.854385
0.520709
0.638966
0.530593
0.930705
0.761604
0.78764
0.888103
0.762203
0.689396
0.716514
0.802201
0.737424
0.653983
0.848698
0.758131
0.460974
0.870592
0.657801
0.780762
0.922768
0.447022
0.903154
0.581484
0.868782
0.535029
0.917014
0.728641
0.682611
0.83661
0.630371
0.586026
0.921441
0.476253
0.793892
0.791925
0.807145
0.733776
0.829137
0.929393
0.563453
0.894332
0.89139
0.634024
0.724874
0.773125
0.875625
0.678893
0.77302
0.734112
0.77906
0.603975
0.907186
0.458248
0.710538
0.550195
0.790009
0.656451
0.715182
0.506204
0.705831
0.697703
0.770159
0.657921
0.457852
0.833806
0.582898
0.571382
0.789456
0.529886
0.781429
0.812714
0.851911
0.801866
0.873397
0.50327
0.731829
0.659262
0.727068
0.764232
0.609494
0.726048
0.683946
0.664974
0.847019
0.421127
0.712411
0.691003
0.803737
0.496216
0.517936
0.595234
0.897357
0.440044
0.692373
0.607198
