0.652661
0.706215
0.785137
0.906228
0.81736
0.631238
0.868237
0.92889
0.639449
0.647769
0.919761
0.896158
0.832661
0.53894
0.889394
0.772767
0.784511
0.749303
0.742749
0.692467
0.572847
0.538185
0.915664
0.838759
0.744355
0.899408
0.801957
0.63182
0.612817
0.609102
0.781015
0.863214
0.551026
0.784151
0.757517
0.452253
0.615865
0.700266
0.559448
0.641235
0.830017
0.763749
0.875727
0.760942
0.844865
0.498296
0.648337
0.873746
0.913462
0.799391
0.84011
0.581949
0.833497
0.661427
0.537901
0.871869
0.871549
0.441927
0.69496
0.912186
0.467554
0.672778
0.880792
0.634756
0.655524
0.56507
