0.775048
0.830696
0.844244
0.794872
0.691391
0.790785
0.774535
0.845692
0.676504
0.783883
0.873882
0.810012
0.876144
0.868166
0.770229
0.932863
0.803307
0.842229
0.84772
0.877571
0.806986
0.869734
0.790523
0.817933
0.758178
0.76264
0.631134
0.593531
0.765617
0.735149
0.739746
0.508723
0.830223
0.852615
0.647661
0.812871
0.712958
0.756048
0.726902
0.7054
0.709461
0.58633
0.734586
0.723294
0.702868
0.712449
0.751826
0.733956
0.692697
0.64388
0.761452
0.786815
0.69335
0.587453
0.831197
0.637868
0.682672
0.64258
0.672861
0.771839
0.811477
0.834686
0.739447
0.769547
0.799237
0.797535
0.788474
0.729722
0.861453
0.714885
0.745288
0.703518
0.877539
0.767551
0.933275
0.57015
0.846728
0.613565
0.635572
0.793378
0.872077
0.719329
0.886069
0.813993
0.902239
0.741159
0.572165
0.670241
0.824287
0.848264
0.9308
0.907841
0.814242
0.704433
0.874129
0.867429
0.863198
0.772745
0.848477
0.873915
0.894055
0.863412
0.779837
0.794264
0.901015
0.547019
0.767163
0.812333
0.672446
0.799641
0.828533
0.87245
0.906052
0.657823
0.516863
0.711771
0.636876
0.711957
0.79961
0.655621
0.780793
0.921659
0.474437
0.764709
0.637451
0.696569
0.612098
0.881929
0.927137
0.671471
0.78763
0.631636
0.58662
0.808571
0.922979
0.737132
0.778572
0.802899
0.752272
0.698871
0.500608
0.894572
0.918744
0.791837
0.647279
0.662128
0.817185
0.621535
0.796441
0.871137
0.893947
0.78816
0.459199
0.882969
0.533699
0.800746
0.616511
0.613081
0.79127
0.805369
0.826576
0.733257
0.604551
0.84406
0.724091
0.544216
0.432266
0.570848
0.578864
0.738434
0.544643
0.921477
0.703806
0.557504
0.734915
0.851752
0.827676
0.905225
0.691041
0.633884
0.870466
0.71907
0.505777
0.935746
0.52041
0.792019
0.601235
0.867286
0.447931
0.695721
0.915485
0.410081
0.696315
0.825279
0.825517
0.5349
0.528623
