0.907808
0.649113
0.748883
0.79246
0.77221
0.81358
0.794267
0.583043
0.874698
0.660507
0.930925
0.822733
0.63437
0.794445
0.902508
0.551193
0.639192
0.856159
0.761458
0.768879
0.763373
0.76503
0.914128
0.671181
0.718563
0.655855
0.710468
0.66553
0.845737
0.786134
0.467883
0.917696
0.500883
0.742
0.428461
0.643543
0.81243
0.878438
0.887235
0.647147
0.845674
0.709496
0.560098
0.829287
0.859291
0.56168
0.870627
0.599648
0.669836
0.52109
0.918019
0.818145
0.801077
0.621294
0.6138
0.685968
0.816269
0.670355
0.580921
0.699316
0.782253
0.57756
0.560835
0.808443
0.929758
0.681517
0.774295
0.748779
0.831906
0.616067
0.818675
0.623896
0.717353
0.429559
0.471263
0.564331
0.612829
0.698737
0.77328
0.710605
0.673543
0.726831
0.594176
0.774832
0.834021
0.796387
0.7236
0.627593
0.670962
0.701335
0.570908
0.878807
0.448038
0.657318
0.816256
0.481672
0.463791
0.767044
0.749869
0.594742
0.496672
0.605533
