0.320812
0.317481
0.326947
0.309932
0.316365
0.300269
0.292931
0.304972
0.290803
0.313493
0.305757
0.338082
0.32762
0.321234
0.311505
0.283034
0.317023
0.302527
0.303153
0.336998
0.331179
0.328962
0.32189
0.30665
0.324547
0.324054
0.326169
0.311897
0.292392
0.343923
0.321063
0.317707
0.343868
0.344652
0.344549
0.350685
0.356339
0.348628
0.319465
0.338429
0.361122
0.357574
0.337411
0.338688
0.362623
0.358052
0.338842
0.354292
0.351309
0.360972
0.369658
0.30889
0.338633
0.376579
0.355585
0.336899
0.37575
0.385068
0.318835
0.365336
0.340688
0.335863
0.339855
0.370894
0.368727
0.399793
0.408312
0.349361
0.374478
0.396477
0.36271
0.399286
0.382059
0.403837
0.385617
0.386865
0.401774
0.421858
0.390073
0.385171
0.421369
0.351398
0.42202
0.415337
0.404137
0.410805
0.403927
0.398395
0.428176
0.445991
0.427078
0.44558
0.40623
0.417375
0.417109
0.418599
0.395659
0.450451
0.383847
0.448521
0.425913
0.423853
0.486795
0.436514
0.536645
0.438798
0.463636
0.412179
0.527097
0.348907
0.449902
0.435537
0.485379
0.421127
0.466405
0.463821
0.503661
0.440733
0.439995
0.490426
0.419575
0.469113
0.398697
0.468134
0.441587
0.505863
0.493063
0.515937
0.500582
0.549964
0.509384
0.522822
0.483826
0.459838
0.525474
0.499767
0.513974
0.433908
0.424651
0.422821
0.452954
0.496598
0.608585
0.559755
0.544033
0.572654
0.554706
0.476909
0.614117
0.584288
0.596504
0.602554
0.550344
0.630045
0.692149
0.715071
0.681056
0.546028
0.623256
0.785076
0.584546
0.794401
0.680736
0.684342
0.788938
0.655193
0.718163
0.708448
0.86778
0.749159
0.719237
0.688274
0.829286
0.785161
0.774924
0.727161
0.875131
0.791329
0.841312
0.778076
0.878707
0.723604
0.876196
0.879246
0.754288
0.72857
0.893015
0.816382
0.849128
0.812824
0.747082
0.814761
0.822529
0.825905
0.830097
0.78845
0.738063
0.67159
0.587632
0.74061
0.76358
0.781793
0.806826
0.772397
0.612721
0.81391
0.704442
0.754813
0.631486
0.727671
0.737668
0.552487
0.731923
0.733649
0.741407
0.740612
0.749778
0.713119
0.692901
0.830662
0.626616
0.806298
0.692732
0.500164
0.829316
0.641369
0.674862
0.639082
0.688506
0.77539
0.81133
0.828621
0.727829
0.760937
0.807842
0.797399
0.84263
0.709072
0.863539
0.721366
0.783394
0.554453
0.712589
0.852999
0.919407
0.801546
0.713112
0.635318
0.793546
0.928729
0.871067
0.855594
0.806454
0.88987
0.779961
0.420294
0.598966
0.730527
0.889858
0.493269
0.886463
0.628304
0.858738
0.865915
0.651377
0.785977
0.85621
0.75591
0.850237
0.841179
0.887635
0.587441
0.846696
0.887854
0.538717
0.77859
0.810812
0.761511
0.731204
0.842741
0.794677
0.505944
0.896881
0.84227
0.711184
0.570613
0.842074
0.559016
0.794142
0.856317
0.781066
0.485303
0.713272
0.792177
0.867601
0.733683
0.889949
0.889086
0.600443
0.848675
0.638814
0.584945
0.822125
0.918992
0.638482
0.783257
0.915258
0.58185
0.828266
0.499816
0.909514
0.757498
0.720099
0.603573
0.654142
0.78286
0.55293
0.618772
0.840459
0.863468
0.818168
0.879416
0.62878
0.868861
0.801925
0.771369
0.864671
0.557174
0.593294
0.512475
0.641853
0.861133
0.394179
0.671249
0.478876
0.844841
0.72924
0.615797
0.487702
0.900082
0.815327
0.490113
0.766048
0.834969
0.733436
0.710785
0.805386
0.604219
0.854976
0.728403
0.862113
0.428044
0.70547
0.727471
0.498672
0.646135
0.79068
0.83253
0.892995
0.647638
0.770599
0.640796
