0.896632
0.931334
0.633979
0.491441
0.911821
0.891887
0.814294
0.610125
0.754317
0.817591
0.678641
0.735415
0.843153
0.805906
0.690239
0.538458
0.887603
0.620523
0.884042
0.65749
0.798865
0.924528
0.607483
0.787421
0.847978
0.539779
0.659857
0.842908
0.693797
0.542762
0.59907
0.598297
0.702351
0.637534
0.564542
0.618971
0.762075
0.751585
0.806222
0.708864
0.679479
0.910726
0.707279
0.742094
0.910558
0.611742
0.692347
0.722447
0.749592
0.842252
0.78324
0.639798
0.446071
0.693585
0.873227
0.508578
0.689715
0.785045
0.691017
0.875811
0.631868
0.665537
0.686476
