0.321245
0.281473
0.29451
0.333149
0.327473
0.324727
0.340258
0.348455
0.304735
0.351922
0.337397
0.332864
0.329217
0.342529
0.346576
0.310577
0.350749
0.310958
0.334594
0.335799
0.321748
0.321514
0.329917
0.344176
0.334512
0.342708
0.328954
0.320028
0.358119
0.371686
0.339742
0.363049
0.369831
0.368172
0.340469
0.372764
0.324777
0.374144
0.330174
0.35388
0.383193
0.373739
0.368341
0.365978
0.369274
0.356453
0.389304
0.369872
0.374293
0.392173
0.367863
0.387554
0.38051
0.375249
0.34662
0.340274
0.39761
0.43938
0.392678
0.388786
0.401797
0.35902
0.407566
0.349956
0.416783
0.405425
0.462297
0.40706
0.398942
0.392425
0.401445
0.411021
0.407616
0.404695
0.437214
0.395006
0.421056
0.41024
0.466198
0.381224
0.424741
0.447298
0.468857
0.452578
0.422373
0.46095
0.436198
0.412507
0.449038
0.447194
0.486366
0.402445
0.454944
0.517771
0.428452
0.455147
0.459767
0.435279
0.477764
0.509919
0.507057
0.515301
0.599287
0.457038
0.487524
0.41886
0.505583
0.487283
0.522101
0.532961
0.460445
0.515968
0.562529
0.485086
0.498243
0.518018
0.588529
0.53089
0.610076
0.433398
0.579155
0.624786
0.634703
0.600195
0.586399
0.656171
0.609777
0.578394
0.656428
0.695118
0.765714
0.653544
0.536086
0.626759
0.756317
0.782934
0.693502
0.571778
0.699029
0.746276
0.649524
0.591547
0.76616
0.721857
0.734417
0.690726
0.830553
0.764878
0.817975
0.727351
0.844917
0.754098
0.834151
0.671691
0.78762
0.704812
0.796552
0.869792
0.810142
0.869408
0.80391
0.853913
0.849867
0.789207
0.829518
0.878761
0.738608
0.834238
0.795365
0.726194
0.660161
0.581647
0.790326
0.793046
0.782156
0.802305
0.820579
0.727145
0.817674
0.712315
0.729413
0.764577
0.793947
0.676413
0.636761
0.740928
0.731641
0.657834
0.739441
0.755861
0.696717
0.7309
0.703641
0.658446
0.811524
0.69776
0.61896
0.834189
0.57919
0.670415
0.642143
0.886079
0.763203
0.784482
0.776406
0.706466
0.770623
0.782804
0.664249
0.79582
0.722104
0.86479
0.719396
0.787531
0.700602
0.891673
0.722274
0.929251
0.764601
0.857235
0.786878
0.806422
0.764457
0.862788
0.716495
0.872116
0.803012
0.907235
0.697447
0.910595
0.521201
0.869012
0.752278
0.907584
0.764079
0.669582
0.766262
0.8335
0.801034
0.931229
0.510356
0.628613
0.560034
0.747295
0.557203
0.634487
0.775773
0.900055
0.780635
0.767787
0.74415
0.873371
0.65304
0.853695
0.672229
0.712422
0.815896
0.828589
0.875425
0.464975
0.71628
0.701905
0.696696
0.445569
0.64118
0.889837
0.716954
0.869806
0.644901
0.851256
0.7769
0.508613
0.848635
0.850947
0.919888
0.923132
0.595876
0.682046
0.911965
0.831917
0.887398
0.527005
0.760418
0.484915
0.926558
0.773418
0.789491
0.694029
0.923027
0.85211
0.796822
0.793738
0.713246
0.655549
0.530052
0.886625
0.525757
0.636995
0.776757
0.570625
0.628228
0.689076
0.656759
0.703328
0.842568
0.80084
0.463203
0.81855
0.714498
0.70421
0.507273
0.579601
0.856098
0.775476
0.875491
0.529517
0.532598
0.847288
0.830877
0.720326
0.495918
0.935755
0.548756
0.588957
0.670069
0.919817
0.741544
0.49281
0.706086
0.789593
0.462637
0.570075
0.589067
0.933552
0.8593
0.550828
0.647861
0.636451
0.799461
