0.729909
0.861807
0.715742
0.787742
0.704717
0.878748
0.763299
0.909828
0.893706
0.722534
0.613893
0.693567
0.787359
0.908129
0.770885
0.860977
0.814301
0.877759
0.601425
0.500701
0.616522
0.854316
0.93251
0.86197
0.822935
0.638054
0.749974
0.818518
0.730942
0.91756
0.675553
0.707048
0.874758
0.923761
0.853225
0.496828
0.783046
0.575551
0.779112
0.62782
0.623192
0.906568
0.824233
0.87791
0.7762
0.716583
0.700425
0.739749
0.663269
0.65662
0.711426
0.499367
0.803957
0.753503
0.780052
0.887916
0.747411
0.658399
0.68521
0.876864
0.437499
0.69253
0.886899
0.864103
0.596317
0.801003
0.630428
0.589629
0.802669
0.922805
0.758764
0.707229
0.702569
0.650837
0.70661
0.752959
0.731999
0.627152
0.70049
0.578062
0.80192
0.793853
0.88882
0.479765
0.747779
0.578499
0.896325
0.430562
0.591172
0.897563
0.734
0.868831
0.751519
0.884579
0.645616
0.703487
0.701089
0.553829
0.602976
0.465351
0.700604
0.728948
0.540096
0.849564
0.783523
0.83919
0.898007
0.67713
0.844185
0.707367
0.464326
0.62197
0.574908
0.60439
0.684544
0.489135
0.753685
0.429117
0.658873
0.862778
0.469182
0.590327
0.782373
0.713376
0.687075
0.522818
0.69812
