0.912333
0.878236
0.737513
0.931283
0.836142
0.817458
0.614155
0.649568
0.786129
0.756632
0.850256
0.759149
0.872249
0.797768
0.896365
0.732098
0.522739
0.745669
0.930995
0.612964
0.798158
0.766353
0.83117
0.736515
0.916513
0.576758
0.82227
0.654608
0.78378
0.846474
0.786319
0.78193
0.785466
0.550939
0.776518
0.553628
0.643501
0.857805
0.676089
0.852981
0.716427
0.808915
0.537633
0.879085
0.635282
0.700407
0.713134
0.811648
0.814944
0.7832
0.921629
0.447189
0.726299
0.680991
0.61471
0.502174
0.594332
0.876896
0.858488
0.698232
0.878223
0.904988
0.591565
0.839053
0.628617
0.91123
0.772396
0.779146
0.504087
0.920433
0.772887
0.781133
0.665822
0.70948
0.55012
0.916806
0.700193
0.613835
0.547387
0.788785
0.667334
0.776913
0.726991
0.660639
0.639623
0.57817
0.894982
0.716913
0.674782
0.469421
0.713936
0.475442
0.708262
0.523743
0.527433
0.843328
0.898974
0.82714
0.811242
0.493926
0.885946
0.63201
0.742447
0.416931
0.70644
0.787196
0.90814
0.619375
0.728353
0.540994
0.66059
0.612048
0.424071
0.695721
0.710939
0.644983
0.726833
0.80236
0.596725
0.752379
0.575944
