0.780107
0.661745
0.683733
0.726015
0.794995
0.828382
0.868223
0.466584
0.635558
0.667608
0.696666
0.882614
0.879678
0.488588
0.601938
0.918397
0.901298
0.597125
0.793969
0.919335
0.625562
0.921452
0.925982
0.886845
0.617801
0.905037
0.867057
0.722631
0.779401
0.540424
0.552164
0.742385
0.82021
0.706031
0.690306
0.844722
0.606644
0.591123
0.740008
0.767481
0.559336
0.508852
0.743176
0.901796
0.68108
0.786717
0.56896
0.648399
0.532595
0.683871
0.71939
0.8545
0.609582
0.567666
0.731632
0.851115
0.701374
0.798415
0.729478
0.633941
0.901043
0.7353
0.8399
0.835332
0.63379
0.920807
0.710862
0.481608
0.615823
0.615085
0.664848
0.814887
0.640561
0.502364
0.736488
0.508947
0.721994
0.747585
0.914922
0.465932
0.433175
0.83714
0.832612
0.735897
0.690562
0.63145
