0.848101
0.891718
0.777113
0.447318
0.606969
0.706397
0.917727
0.930777
0.738631
0.80144
0.766887
0.808625
0.809849
0.912688
0.723032
0.740306
0.794449
0.920748
0.887635
0.501175
0.794641
0.557222
0.773086
0.643268
0.835164
0.717641
0.68552
0.85265
0.865973
0.906477
0.819418
0.707024
0.712446
0.670659
0.851471
0.822491
0.663807
0.780083
0.875821
0.464405
0.734601
0.543205
0.817423
0.447323
0.760035
0.728691
0.743948
0.785397
0.914383
0.700918
0.589799
0.772995
0.919439
0.654269
0.810483
0.749313
0.887539
0.931191
0.615751
0.588388
0.914514
0.765461
0.686076
0.69783
0.591876
0.605341
0.56421
0.713988
0.778281
0.614001
0.698697
0.779441
0.626196
0.837833
0.799928
0.69787
0.834225
0.52994
0.897217
0.858932
0.712396
0.545308
0.591217
0.504561
0.572851
0.529596
0.75411
0.585857
0.86379
0.715541
0.833654
0.64811
0.725331
0.720766
0.694769
0.484203
0.767101
0.514948
0.619057
0.758372
0.712843
0.856569
0.426907
0.695721
0.802362
0.585
0.523223
0.926877
0.863534
0.829366
0.855644
0.675458
0.7436
