0.40251
0.413233
0.359248
0.308896
0.37535
0.343471
0.39811
0.394731
0.344369
0.407832
0.401632
0.356609
0.429874
0.392417
0.431571
0.387747
0.331106
0.394686
0.413205
0.459128
0.410477
0.42007
0.398896
0.421294
0.450216
0.413987
0.394157
0.39631
0.452074
0.424358
0.434746
0.437503
0.457207
0.405334
0.45388
0.413531
0.485335
0.376075
0.486491
0.44003
0.429954
0.407611
0.438836
0.468792
0.461519
0.443723
0.432281
0.473327
0.462597
0.43423
0.462658
0.492607
0.481527
0.439183
0.328693
0.460492
0.463177
0.507518
0.517149
0.488539
0.446973
0.440329
0.499933
0.480155
0.512493
0.506758
0.562792
0.577974
0.54094
0.501495
0.542399
0.598549
0.633872
0.581135
0.562901
0.650611
0.519561
0.552647
0.596627
0.630189
0.609718
0.551942
0.695454
0.712099
0.689435
0.497594
0.631228
0.777618
0.695053
0.659061
0.668758
0.741098
0.730123
0.742171
0.699564
0.67298
0.70333
0.720835
0.820003
0.84266
0.789497
0.726742
0.864448
0.795852
0.832279
0.689073
0.789847
0.704963
0.846836
0.887009
0.81864
0.847444
0.762143
0.823088
0.838085
0.818689
0.82571
0.844153
0.8368
0.79866
0.737949
0.666814
0.593428
0.783478
0.766555
0.74443
0.825285
0.822275
0.620277
0.810063
0.70985
0.678927
0.734385
0.721388
0.743845
0.596898
0.866849
0.820657
0.83883
0.795738
0.844164
0.89157
0.666753
0.712133
0.756993
0.734129
0.806175
0.694781
0.630038
0.804151
0.627039
0.654129
0.705431
0.830892
0.776183
0.784132
0.748769
0.82295
0.80875
0.777196
0.919849
0.791817
0.812105
0.641452
0.876896
0.725121
0.634624
0.702812
0.875589
0.722794
0.911705
0.79898
0.725279
0.61332
0.638629
0.793231
0.863936
0.882139
0.766534
0.821054
0.868469
0.617353
0.709555
0.907812
0.619058
0.903243
0.851584
0.63888
0.784612
0.823069
0.737675
0.742733
0.782154
0.744859
0.875572
0.8771
0.835491
0.8656
0.521202
0.80477
0.892307
0.534069
0.755349
0.896227
0.775939
0.716337
0.745481
0.696968
0.911762
0.766517
0.92412
0.569286
0.841987
0.524627
0.804842
0.820575
0.885884
0.671538
0.506651
0.704681
0.482989
0.877168
0.405683
0.554516
0.851504
0.713309
0.863925
0.681261
0.75343
0.829472
0.535144
0.829374
0.928896
0.913822
0.725657
0.84837
0.75644
0.887539
0.837445
0.466271
0.912422
0.799213
0.718656
0.714688
0.784819
0.558945
0.899346
0.832878
0.890732
0.889338
0.577224
0.501666
0.804748
0.594231
0.822146
0.60389
0.81346
0.572006
0.909245
0.519408
0.651666
0.804636
0.725619
0.494918
0.613759
0.638639
0.877308
0.71434
0.630758
0.552522
0.677417
0.909421
0.761177
0.883997
0.833251
0.498849
0.911368
0.718562
0.921107
0.816783
0.418395
0.757027
0.754096
0.615284
0.803139
0.617058
0.743471
0.457643
0.701157
0.693171
0.839635
0.580715
0.923563
0.722479
0.730743
0.791511
0.624917
0.776756
