0.732672
0.916514
0.791494
0.751988
0.722867
0.862304
0.714791
0.782619
0.692363
0.847793
0.853335
0.933416
0.741548
0.856014
0.697275
0.653409
0.789764
0.900252
0.891979
0.859926
0.82159
0.800903
0.638483
0.522387
0.692458
0.838041
0.916694
0.870076
0.632104
0.797462
0.874683
0.853249
0.692394
0.802672
0.835396
0.697265
0.930888
0.850597
0.865923
0.788048
0.803054
0.556037
0.667149
0.741796
0.859372
0.710603
0.728889
0.75059
0.797663
0.657501
0.846232
0.874184
0.835432
0.723517
0.706333
0.565547
0.810176
0.528377
0.864556
0.70792
0.874785
0.515258
0.695891
0.541108
0.818928
0.464323
0.75188
0.693448
0.860015
0.672094
0.927684
0.921761
0.56324
0.807636
0.923027
0.639523
0.904856
0.919829
0.763006
0.672038
0.871012
0.511056
0.783678
0.763512
0.612494
0.734562
0.863348
0.676644
0.78874
0.799708
0.698067
0.512365
0.610897
0.569909
0.877022
0.549844
0.647992
0.596718
0.714949
0.805668
0.673162
0.650644
0.644681
0.752447
0.47843
0.911902
0.718214
0.503231
0.465319
0.723704
0.789631
0.829462
0.636996
0.770196
0.64781
0.687983
0.744387
0.69186
0.418149
0.667282
0.935622
0.65801
0.71287
0.646801
0.743745
0.563402
0.847997
0.456676
0.679828
0.729744
0.883742
0.466832
0.598793
0.7282
0.933883
0.58806
0.675092
0.687308
