0.727746
0.789891
0.813128
0.824053
0.839303
0.811046
0.8312
0.804467
0.874129
0.846792
0.843743
0.851948
0.875519
0.927168
0.812763
0.798395
0.777649
0.726568
0.654195
0.698462
0.816418
0.752546
0.776084
0.753456
0.760027
0.5957
0.813058
0.711848
0.73339
0.718982
0.751621
0.652241
0.64519
0.680162
0.716482
0.715878
0.703908
0.748115
0.690792
0.702222
0.835461
0.759794
0.793462
0.692715
0.677083
0.832748
0.642977
0.660675
0.639472
0.419986
0.707551
0.816287
0.745864
0.816464
0.743912
0.772272
0.914385
0.797689
0.766637
0.720792
0.864811
0.712143
0.665649
0.703274
0.881644
0.775756
0.886795
0.764548
0.851926
0.692876
0.69569
0.793479
0.857682
0.72418
0.855499
0.846912
0.605537
0.686711
0.90946
0.697675
0.817353
0.822603
0.648718
0.867381
0.86544
0.702612
0.801469
0.74971
0.875663
0.900604
0.803569
0.588408
0.821429
0.902699
0.629746
0.694556
0.856181
0.773733
0.760058
0.729227
0.914765
0.702082
0.711826
0.598754
0.709165
0.582702
0.91143
0.789866
0.481399
0.914571
0.504213
0.809877
0.867668
0.403036
0.759825
0.677388
0.886827
0.655453
0.806389
0.775242
0.537856
0.70846
0.919856
0.922975
0.574593
0.865886
0.917064
0.762398
0.862033
0.881366
0.595687
0.517047
0.859468
0.844994
0.731053
0.717234
0.563094
0.907852
0.819698
0.852638
0.741857
0.689314
0.552539
0.806678
0.608487
0.917307
0.653678
0.795205
0.718546
0.877325
0.688936
0.603428
0.786244
0.744397
0.473946
0.868056
0.68265
0.825973
0.84764
0.806976
0.877419
0.883786
0.699715
0.672051
0.897067
0.516377
0.930105
0.681366
0.607612
0.825649
0.710519
0.463472
0.925213
0.756608
0.916005
0.490831
0.669512
0.780387
0.855097
0.911057
0.871181
0.594579
0.630683
0.693833
