0.440199
0.464307
0.448959
0.409102
0.515377
0.43239
0.454944
0.505777
0.444431
0.393586
0.41831
0.377718
0.426926
0.498563
0.449864
0.505629
0.501971
0.460535
0.576855
0.499631
0.498013
0.531298
0.510763
0.522795
0.512032
0.571185
0.487719
0.514862
0.512478
0.566793
0.477118
0.518161
0.411279
0.503027
0.488327
0.528187
0.49402
0.57936
0.547479
0.639753
0.58031
0.598844
0.641596
0.610714
0.631118
0.716112
0.709031
0.485514
0.615346
0.747194
0.691872
0.675223
0.668718
0.699844
0.772284
0.679622
0.77095
0.870759
0.694338
0.72183
0.762616
0.742588
0.83992
0.744819
0.722071
0.880208
0.7554
0.824114
0.667639
0.82308
0.705111
0.845816
0.839378
0.781397
0.876523
0.805522
0.849163
0.816503
0.851163
0.806961
0.875551
0.922431
0.836539
0.785641
0.730244
0.716845
0.681753
0.787064
0.786825
0.755433
0.825297
0.772475
0.625658
0.814208
0.714452
0.755767
0.760084
0.747903
0.625343
0.663673
0.747809
0.731036
0.654146
0.743321
0.752022
0.666811
0.722041
0.83142
0.760493
0.811444
0.692841
0.67275
0.803739
0.632639
0.650602
0.638883
0.818318
0.803849
0.828565
0.738142
0.805069
0.786846
0.731946
0.880571
0.79137
0.758425
0.722824
0.86259
0.665709
0.786992
0.701866
0.878563
0.766816
0.92365
0.573404
0.848643
0.64682
0.667065
0.793567
0.904271
0.784026
0.859737
0.803523
0.881449
0.794895
0.460626
0.715046
0.696196
0.644037
0.930659
0.919327
0.829472
0.885583
0.791814
0.658569
0.853073
0.653937
0.853619
0.806531
0.669791
0.908661
0.556717
0.742331
0.546083
0.755493
0.839088
0.763141
0.739681
0.753494
0.847197
0.914645
0.761367
0.883006
0.818861
0.656959
0.701009
0.777827
0.656156
0.861612
0.463173
0.642739
0.681578
0.580163
0.451175
0.67111
0.82806
0.742086
0.58542
0.675659
0.87934
0.922938
0.627286
0.916684
0.688691
0.681213
0.931863
0.615751
0.555932
0.928027
0.747562
0.660659
0.694247
0.686837
0.681757
0.822547
0.678031
0.79865
0.783815
0.780629
0.559127
0.537211
0.806956
0.615322
0.691237
0.781831
0.793796
0.625849
0.715868
0.604552
0.673409
0.612177
0.649865
0.642196
0.858243
0.778001
0.486304
0.509123
0.679291
0.856785
0.85119
0.689952
0.512816
0.851211
0.728475
0.736507
0.814933
0.754927
0.600363
0.699161
0.632461
0.496742
0.656378
0.751635
0.866332
0.476618
0.748598
0.92882
0.826615
0.76543
0.529324
0.744394
