0.88747
0.913881
0.722501
0.65023
0.553611
0.777387
0.791469
0.907605
0.763524
0.699934
0.759117
0.865916
0.914026
0.78718
0.567241
0.842672
0.517248
0.759914
0.895295
0.924296
0.476073
0.767884
0.882633
0.598187
0.817251
0.46015
0.481512
0.892151
0.880376
0.860019
0.699506
0.776745
0.918906
0.563407
0.915016
0.874144
0.870732
0.909202
0.811216
0.908194
0.878605
0.466047
0.919553
0.803894
0.72942
0.709853
0.808882
0.693413
0.798282
0.894691
0.582484
0.778454
0.546719
0.760228
0.841911
0.815286
0.882609
0.527641
0.864368
0.696133
0.689994
0.671131
0.672231
0.473245
0.433748
0.680589
0.84715
0.789795
0.478673
0.748676
0.86161
0.717244
0.810298
0.506509
0.899018
0.61867
0.688645
0.648377
0.713019
0.725553
0.633508
0.531868
0.62334
0.611235
0.615321
0.767282
0.42931
0.611453
0.741259
0.867655
0.516691
0.690301
0.807139
0.672844
0.750668
0.5804
