0.604816
0.594805
0.655614
0.648957
0.792463
0.680526
0.519159
0.627533
0.785695
0.540052
0.776515
0.600533
0.670386
0.722247
0.740427
0.699915
0.868288
0.726898
0.690818
0.827212
0.736799
0.823228
0.723065
0.884142
0.732239
0.802203
0.761881
0.788279
0.740379
0.723183
0.779326
0.880189
0.761771
0.87542
0.761844
0.848291
0.776803
0.81133
0.799284
0.81735
0.817132
0.737017
0.725134
0.634693
0.593428
0.786809
0.727116
0.788223
0.802088
0.769573
0.631223
0.815673
0.663129
0.754368
0.761335
0.752834
0.730771
0.572107
0.741264
0.715476
0.715781
0.742427
0.748891
0.680155
0.732027
0.836921
0.760458
0.864682
0.692732
0.669582
0.814638
0.561243
0.671562
0.626407
0.501731
0.679822
0.871334
0.73274
0.781444
0.810046
0.7776
0.911458
0.782844
0.767383
0.675888
0.864757
0.676618
0.786957
0.700428
0.878595
0.667458
0.912823
0.904287
0.793778
0.713895
0.651132
0.788304
0.913224
0.784276
0.77222
0.788557
0.869129
0.619
0.597077
0.637601
0.922711
0.682183
0.754091
0.794776
0.72795
0.810773
0.738339
0.92529
0.790243
0.717433
0.695165
0.933864
0.915886
0.910154
0.522383
0.795074
0.885628
0.756273
0.745438
0.906392
0.654051
0.723213
0.750887
0.828392
0.575339
0.501903
0.848249
0.792173
0.46435
0.808429
0.666199
0.781248
0.870239
0.467032
0.63623
0.714312
0.583574
0.43809
0.696487
0.880044
0.694845
0.88345
0.906123
0.852055
0.547507
0.636358
0.901128
0.72705
0.820942
0.747133
0.848518
0.508164
0.917849
0.923175
0.795313
0.700236
0.663358
0.674268
0.842883
0.678128
0.791033
0.836265
0.701362
0.563911
0.846452
0.793208
0.599303
0.785321
0.805326
0.585704
0.808792
0.718783
0.826948
0.745826
0.458243
0.758924
0.471892
0.784266
0.720802
0.480178
0.816933
0.847115
0.594834
0.883439
0.699289
0.833968
0.92102
0.703241
0.460509
0.622535
0.56508
0.620843
0.733161
0.852531
0.861123
0.447988
0.658872
0.6728
0.885329
0.478319
0.576851
0.682399
0.776349
0.747191
0.676318
0.680818
