0.531647
0.524841
0.48143
0.518115
0.529613
0.523629
0.540234
0.569983
0.555581
0.486522
0.519159
0.632767
0.510053
0.644561
0.606276
0.540429
0.62367
0.626415
0.576382
0.576395
0.636929
0.555155
0.63014
0.709964
0.763243
0.569764
0.6264
0.752867
0.754531
0.718872
0.695266
0.604076
0.67063
0.803768
0.728613
0.792083
0.784673
0.699715
0.781835
0.662783
0.693038
0.827457
0.795599
0.838204
0.813082
0.794304
0.833133
0.669949
0.799776
0.813831
0.777254
0.839355
0.820001
0.866681
0.822471
0.849317
0.802053
0.819447
0.787311
0.798155
0.832321
0.831053
0.762145
0.73712
0.643254
0.747381
0.78694
0.755223
0.739473
0.808398
0.763851
0.616924
0.753762
0.675327
0.754716
0.736249
0.751559
0.70359
0.549976
0.691885
0.736731
0.742645
0.735413
0.747606
0.702723
0.729714
0.767008
0.75993
0.798133
0.692732
0.635327
0.833802
0.633605
0.659522
0.627391
0.901808
0.781336
0.803898
0.834742
0.729066
0.75844
0.821178
0.79455
0.8414
0.68621
0.864398
0.715035
0.788851
0.704157
0.890608
0.657978
0.912156
0.878396
0.793335
0.627469
0.623999
0.794378
0.904272
0.860069
0.850371
0.789838
0.88627
0.623914
0.534642
0.663715
0.933115
0.730339
0.797198
0.767183
0.819381
0.794452
0.916017
0.798407
0.754966
0.869743
0.855081
0.853247
0.781809
0.816477
0.653703
0.486846
0.821765
0.899244
0.778198
0.689073
0.719171
0.74161
0.906549
0.669288
0.924099
0.707078
0.668896
0.647393
0.709791
0.59501
0.876773
0.742705
0.922262
0.482137
0.684975
0.697525
0.614502
0.525306
0.89216
0.873044
0.887266
0.552092
0.842164
0.832962
0.548675
0.592492
0.92883
0.695629
0.747835
0.72362
0.886056
0.549966
0.706664
0.755142
0.809322
0.698227
0.815931
0.850957
0.678644
0.810109
0.818831
0.701695
0.656391
0.393336
0.895925
0.806086
0.623466
0.902113
0.792345
0.899395
0.546631
0.674993
0.704958
0.594625
0.579333
0.878265
0.505127
0.869315
0.69798
0.623119
0.544455
0.673101
0.760985
0.819007
0.83207
0.522551
0.857006
0.788244
0.731232
0.898841
0.569685
0.565863
0.684893
0.725546
0.506083
0.691729
0.478341
0.924083
0.711911
0.840897
0.601693
0.745709
0.808463
0.859328
0.589003
0.648081
0.645694
