0.816738
0.765606
0.634816
0.758861
0.664457
0.679032
0.754354
0.766709
0.740815
0.565344
0.734663
0.715883
0.728005
0.731055
0.749538
0.694017
0.692729
0.828169
0.75942
0.786848
0.692732
0.643375
0.762382
0.841556
0.875418
0.79489
0.400499
0.68328
0.811406
0.762065
0.784677
0.805465
0.761747
0.896483
0.794816
0.814645
0.728359
0.872501
0.700072
0.787225
0.806169
0.751339
0.845822
0.929331
0.740467
0.857698
0.657714
0.654553
0.791768
0.671301
0.70921
0.732115
0.822692
0.710926
0.623054
0.538533
0.730857
0.857302
0.916387
0.653763
0.747965
0.797053
0.766334
0.831548
0.738339
0.916872
0.766622
0.761388
0.699256
0.774292
0.82485
0.869316
0.559105
0.54833
0.782468
0.556892
0.679517
0.883646
0.737648
0.682522
0.66238
0.655922
0.59092
0.815529
0.882244
0.715456
0.65993
0.78946
0.533598
0.808322
0.662984
0.783049
0.921347
0.473832
0.751823
0.544952
0.868839
0.430302
0.760185
0.691237
0.751754
0.787175
0.91466
0.827698
0.561065
0.906462
0.653115
0.717432
0.759297
0.834245
0.835605
0.49409
0.756851
0.773272
0.707023
0.699052
0.817423
0.684694
0.806441
0.531637
0.773862
0.461606
0.761539
0.625379
0.797026
0.651892
0.903406
0.709157
0.861282
0.528312
0.67962
0.707521
0.76495
0.554001
0.518509
0.660947
0.690281
0.529865
0.823898
0.645356
0.897145
0.82754
0.497173
0.829186
0.89708
0.624902
0.750957
0.639441
0.615125
0.735924
0.57168
0.634615
0.764206
0.429622
0.701032
0.783654
0.453421
0.522146
0.601882
0.666778
0.813982
0.870035
0.49714
0.579462
