0.876141
0.871635
0.792536
0.855667
0.816542
0.849027
0.813538
0.83125
0.807001
0.859815
0.785881
0.836897
0.752895
0.743146
0.634414
0.684462
0.78307
0.785011
0.74237
0.822694
0.854205
0.676239
0.813539
0.713528
0.739171
0.744549
0.702188
0.693252
0.540598
0.733012
0.717175
0.751428
0.733055
0.74738
0.667178
0.699776
0.829964
0.760551
0.791118
0.692732
0.500237
0.799428
0.608503
0.670594
0.668308
0.591907
0.712944
0.869685
0.761089
0.747379
0.809411
0.776094
0.914025
0.791304
0.761229
0.71274
0.870651
0.682746
0.786992
0.750577
0.878205
0.737103
0.821267
0.915792
0.798237
0.625128
0.652017
0.792749
0.826694
0.776742
0.856564
0.820847
0.877005
0.616378
0.933747
0.916853
0.673166
0.933721
0.810902
0.8244
0.759684
0.854326
0.66148
0.798016
0.743042
0.87065
0.860615
0.811132
0.835441
0.792879
0.751742
0.775367
0.554454
0.739606
0.830737
0.742287
0.745712
0.74631
0.867326
0.908897
0.815408
0.856986
0.790477
0.462691
0.801096
0.7802
0.871054
0.461106
0.759903
0.746574
0.586005
0.447372
0.410914
0.912193
0.730376
0.68615
0.851494
0.715428
0.612529
0.831596
0.91805
0.71023
0.810269
0.885032
0.748665
0.736167
0.851822
0.501725
0.804419
0.893956
0.773563
0.667309
0.699724
0.862372
0.678877
0.798444
0.845055
0.636426
0.65553
0.901047
0.620619
0.8865
0.919816
0.840542
0.788503
0.603514
0.830866
0.542271
0.549283
0.851284
0.64347
0.748991
0.933668
0.749962
0.562475
0.688024
0.470433
0.925629
0.867521
0.863686
0.760937
0.816192
0.752991
0.629618
0.921107
0.437224
0.540504
0.685806
0.607234
0.845212
0.524781
0.865243
0.854646
0.652331
0.672699
0.698005
0.871713
0.537842
0.579792
0.725796
0.912529
0.79249
0.50946
0.581635
