0.920056
0.791681
0.745079
0.876704
0.791054
0.831618
0.80645
0.475111
0.717431
0.631517
0.746292
0.72206
0.901416
0.728839
0.66615
0.732774
0.746879
0.909411
0.702935
0.836087
0.709679
0.706048
0.713133
0.663667
0.931119
0.783759
0.721417
0.686989
0.87791
0.592906
0.710729
0.9049
0.484978
0.777304
0.917738
0.892876
0.645881
0.84983
0.674992
0.592257
0.907844
0.922996
0.629991
0.916615
0.821262
0.860856
0.82115
0.754213
0.797541
0.628826
0.685016
0.769519
0.804784
0.681365
0.787817
0.785711
0.790601
0.458639
0.876137
0.880717
0.909528
0.816749
0.779781
0.602541
0.64115
0.829283
0.549274
0.659041
0.822567
0.675089
0.574241
0.697817
0.552898
0.590057
0.686899
0.912429
0.632592
0.757128
0.685767
0.885565
0.759235
0.859463
0.878564
0.698657
0.71509
0.71352
0.708942
0.693643
0.660862
0.747831
0.596464
0.684902
0.688198
0.760663
0.448436
0.70013
0.788978
0.540556
0.723043
0.921818
0.859347
0.865876
0.810893
