0.371651
0.326616
0.366434
0.325527
0.322986
0.35812
0.385514
0.373116
0.397005
0.340118
0.374671
0.386497
0.378672
0.359023
0.325712
0.391296
0.363749
0.392181
0.385294
0.39904
0.382484
0.387288
0.34774
0.350305
0.37646
0.430849
0.390593
0.425487
0.356726
0.414647
0.39378
0.421018
0.430461
0.397099
0.397921
0.397057
0.441949
0.421387
0.413421
0.446372
0.406149
0.444496
0.412702
0.416256
0.367522
0.425898
0.429003
0.424804
0.406767
0.458429
0.371224
0.430156
0.450635
0.485235
0.4355
0.456599
0.382092
0.419936
0.449733
0.474539
0.38129
0.517617
0.415155
0.394409
0.439707
0.473799
0.419242
0.498976
0.495779
0.472041
0.470463
0.476604
0.498508
0.514484
0.511291
0.524804
0.509163
0.506278
0.525689
0.494279
0.579377
0.555978
0.449747
0.519017
0.570513
0.607714
0.632809
0.553428
0.582191
0.571922
0.654075
0.531161
0.598757
0.65904
0.517296
0.542277
0.630878
0.712794
0.777082
0.646212
0.625314
0.74326
0.772521
0.691311
0.569449
0.633018
0.731063
0.795722
0.698748
0.6817
0.699558
0.707876
0.613192
0.830696
0.692056
0.825811
0.716591
0.834612
0.741856
0.8379
0.716763
0.767716
0.871774
0.779759
0.866561
0.842501
0.818143
0.830817
0.794072
0.849538
0.792283
0.815822
0.823543
0.794328
0.836884
0.798676
0.746522
0.668969
0.587632
0.795507
0.742733
0.789474
0.824413
0.772545
0.635055
0.814224
0.713813
0.763649
0.762485
0.792086
0.741236
0.543994
0.741808
0.687662
0.715874
0.729739
0.749892
0.697762
0.699393
0.838992
0.758722
0.802548
0.692732
0.620391
0.812281
0.588922
0.657776
0.697896
0.492421
0.682623
0.872572
0.749654
0.794097
0.806173
0.742965
0.855847
0.793375
0.761932
0.7279
0.875282
0.715806
0.774441
0.69865
0.875094
0.757331
0.904382
0.813457
0.79552
0.613566
0.671293
0.786119
0.870454
0.715649
0.877896
0.808001
0.902023
0.70069
0.705771
0.654972
0.928417
0.747445
0.798057
0.75871
0.813813
0.729649
0.91703
0.76865
0.74643
0.87986
0.930692
0.542485
0.667445
0.604922
0.804369
0.619097
0.768735
0.634898
0.724855
0.905285
0.764186
0.582595
0.763373
0.863144
0.9139
0.692809
0.7824
0.672686
0.681266
0.713046
0.804715
0.893326
0.874754
0.447428
0.649858
0.599481
0.833711
0.509181
0.776608
0.873589
0.859151
0.670864
0.826549
0.918554
0.531335
0.586908
0.896092
0.738044
0.904832
0.530331
0.737119
0.898838
0.833965
0.538448
0.921346
0.850342
0.7496
0.63665
0.683198
0.806403
0.575886
0.557416
0.797007
0.625718
0.780608
0.573104
0.545586
0.755878
0.431995
0.755975
0.77344
0.74177
0.62828
0.4994
0.63986
0.736544
0.673767
0.490503
0.453754
0.566664
0.550346
0.697608
0.630761
0.828919
0.826587
0.872447
0.761119
0.889342
0.805884
0.899295
0.743816
0.856819
0.737469
0.459614
0.935849
0.744584
0.60446
0.478104
0.685398
0.57595
0.630366
0.426548
0.662959
0.862372
0.521893
0.63495
0.898833
0.537142
0.655008
0.590224
