0.793609
0.729692
0.686506
0.611843
0.811728
0.72186
0.787484
0.796812
0.762382
0.636011
0.772474
0.703547
0.756924
0.751597
0.799429
0.625936
0.59732
0.741159
0.722582
0.747242
0.729744
0.752322
0.712929
0.692729
0.837794
0.753759
0.788515
0.692832
0.631887
0.828935
0.601225
0.679644
0.639702
0.901852
0.763203
0.791947
0.742931
0.72844
0.770566
0.781554
0.788565
0.757684
0.7279
0.864436
0.715742
0.782505
0.734446
0.877137
0.662161
0.929251
0.751975
0.845307
0.651471
0.660834
0.74367
0.86486
0.783684
0.865793
0.803105
0.795563
0.62934
0.712987
0.748204
0.680134
0.859833
0.884189
0.829283
0.888333
0.862474
0.526764
0.70178
0.746398
0.870474
0.856608
0.864763
0.593555
0.792917
0.886973
0.497861
0.802023
0.901466
0.711759
0.666204
0.59113
0.739509
0.811377
0.705544
0.670995
0.713237
0.86588
0.670272
0.78268
0.908028
0.477301
0.881034
0.849858
0.723957
0.410248
0.890764
0.727928
0.699984
0.793882
0.673372
0.71018
0.629358
0.831052
0.924462
0.739679
0.900302
0.554799
0.667472
0.835363
0.510561
0.622572
0.759114
0.789491
0.646547
0.610652
0.687269
0.832284
0.687159
0.793547
0.732605
0.44968
0.662304
0.791073
0.924781
0.737505
0.625476
0.80344
0.72736
0.665703
0.723474
0.575286
0.789046
0.545762
0.689672
0.72719
0.858179
0.661334
0.553114
0.849492
0.640377
0.767671
0.503653
0.625296
0.880997
0.730839
0.732367
0.923477
0.806112
0.604996
0.651278
0.682258
0.792252
0.509826
0.748877
0.8812
0.542474
0.524624
0.690703
0.664388
0.813898
0.889651
0.595091
0.531861
