0.28589
0.270257
0.270514
0.281644
0.263568
0.255348
0.274339
0.281819
0.283546
0.294402
0.300025
0.274173
0.290945
0.286677
0.278719
0.283782
0.283905
0.28191
0.291953
0.300304
0.289979
0.284047
0.30316
0.293198
0.26909
0.270135
0.285158
0.277595
0.270971
0.314681
0.295716
0.303383
0.300759
0.286816
0.3027
0.274523
0.301811
0.274438
0.299727
0.310699
0.329412
0.307987
0.319842
0.310998
0.285156
0.298884
0.292787
0.306903
0.332157
0.332448
0.32374
0.307206
0.31703
0.318309
0.323969
0.329763
0.294107
0.335863
0.340298
0.329883
0.315476
0.325705
0.32214
0.33847
0.32618
0.345182
0.341207
0.317231
0.34282
0.332461
0.338312
0.336039
0.364144
0.335803
0.344849
0.352858
0.353061
0.312499
0.337566
0.335067
0.361535
0.344356
0.352643
0.316478
0.34423
0.324654
0.346183
0.365891
0.377309
0.339913
0.363064
0.347404
0.35692
0.364739
0.37292
0.37634
0.369726
0.373418
0.393073
0.375207
0.361614
0.361248
0.343244
0.373933
0.389701
0.411439
0.344907
0.390483
0.37011
0.363736
0.389676
0.395057
0.342222
0.404595
0.397967
0.372424
0.402044
0.397812
0.356625
0.431463
0.353779
0.329442
0.387448
0.398376
0.401942
0.410803
0.390341
0.365393
0.428582
0.372859
0.414683
0.384177
0.384398
0.426895
0.410608
0.329327
0.398817
0.451268
0.435169
0.387879
0.358458
0.442045
0.436063
0.479994
0.425741
0.423954
0.456864
0.525983
0.429952
0.47512
0.379712
0.490308
0.449951
0.520596
0.452201
0.498285
0.439787
0.397618
0.454007
0.484733
0.499922
0.500886
0.430632
0.504568
0.594499
0.519237
0.500728
0.39641
0.517929
0.479883
0.516862
0.496399
0.466282
0.526138
0.537436
0.520794
0.562997
0.402339
0.443166
0.508411
0.499122
0.489487
0.635438
0.511479
0.562955
0.571588
0.661045
0.601333
0.438094
0.620957
0.61075
0.630915
0.628483
0.76031
0.687711
0.59539
0.757521
0.736389
0.708675
0.689238
0.668852
0.764581
0.710979
0.784689
0.864034
0.747156
0.752042
0.780219
0.835525
0.791778
0.841322
0.791078
0.866964
0.75687
0.81321
0.780336
0.871955
0.779204
0.780336
0.883298
0.786034
0.82927
0.813081
0.845039
0.752346
0.814763
0.829562
0.817061
0.834705
0.79806
0.761315
0.631754
0.589949
0.795279
0.706595
0.776433
0.809344
0.832278
0.60534
0.81354
0.710698
0.755907
0.736496
0.773258
0.622197
0.553093
0.732887
0.713944
0.74359
0.736782
0.750193
0.696321
0.692729
0.840949
0.755102
0.810353
0.692841
0.672943
0.811531
0.639943
0.671139
0.636363
0.48808
0.680148
0.869973
0.756629
0.82028
0.806569
0.761458
0.916514
0.797405
0.825164
0.727592
0.855144
0.693664
0.78868
0.704245
0.891566
0.679308
0.929545
0.763029
0.854399
0.683408
0.635131
0.789742
0.927818
0.883445
0.860996
0.821072
0.887939
0.332658
0.471299
0.727713
0.928562
0.707552
0.731536
0.821637
0.77095
0.830634
0.799207
0.680535
0.740938
0.804167
0.930925
0.822142
0.85909
0.778397
0.635881
0.880403
0.803657
0.734392
0.547526
0.701097
0.887914
0.777572
0.667472
0.728346
0.729382
0.911793
0.766418
0.704717
0.718678
0.707963
0.599013
0.669545
0.728462
0.770746
0.822576
0.781404
0.92267
0.44543
0.632611
0.641654
0.586523
0.432487
0.606778
0.689855
0.72847
0.874028
0.652296
0.786651
0.776406
0.789567
0.690429
0.9227
0.925603
0.595682
0.699265
0.62428
0.73477
0.449098
0.90784
0.760218
0.791983
0.686388
0.866518
0.68179
0.798402
0.624694
0.627665
0.394302
0.813809
0.893966
0.807021
0.811876
0.661064
0.91461
0.58505
0.645555
0.650897
0.612016
0.661552
0.702173
0.673844
0.586562
0.685648
0.596959
0.868088
0.748822
0.576997
0.847382
0.899072
0.857912
0.756007
0.847378
0.643432
0.648332
0.694882
0.920714
0.728174
0.734749
0.770747
0.734622
0.742814
0.753359
0.686401
0.626232
0.4246
0.657796
0.828699
0.518408
0.692916
0.820643
0.769858
0.58284
0.481523
0.568136
