0.659763
0.778704
0.752316
0.692764
0.809015
0.670408
0.770749
0.729532
0.756752
0.869453
0.646652
0.780046
0.84369
0.791097
0.729641
0.880756
0.816189
0.840923
0.778699
0.877578
0.79783
0.780336
0.887518
0.782771
0.828805
0.807807
0.844891
0.801315
0.846517
0.849191
0.878589
0.779489
0.836849
0.777924
0.742386
0.631964
0.709986
0.740065
0.789292
0.740948
0.818246
0.787161
0.61533
0.812354
0.70158
0.682346
0.744088
0.754435
0.731349
0.587118
0.741213
0.687552
0.745059
0.566041
0.752056
0.70735
0.729746
0.837298
0.7599
0.786614
0.692747
0.667889
0.817481
0.615385
0.676154
0.705948
0.679607
0.77834
0.808196
0.817141
0.71666
0.754942
0.776872
0.786864
0.828349
0.726728
0.859126
0.715728
0.786992
0.700148
0.875806
0.76156
0.906892
0.73822
0.851544
0.685894
0.682933
0.793476
0.904272
0.812083
0.791416
0.803577
0.889997
0.379065
0.590924
0.636408
0.461523
0.645095
0.748496
0.794913
0.766302
0.813629
0.729128
0.576037
0.720408
0.740785
0.843963
0.931156
0.913433
0.508881
0.599635
0.803561
0.559332
0.431809
0.784958
0.900676
0.75053
0.75558
0.806625
0.739792
0.776604
0.799771
0.776907
0.713301
0.794933
0.561598
0.781559
0.876716
0.459413
0.63497
0.554804
0.581699
0.877078
0.87347
0.488607
0.6322
0.88013
0.889094
0.675735
0.57463
0.82357
0.57224
0.772707
0.808334
0.787246
0.814891
0.892241
0.755129
0.537493
0.825307
0.734193
0.721608
0.653947
0.677469
0.872825
0.59991
0.509561
0.777304
0.821795
0.781882
0.572715
0.839364
0.457938
0.806766
0.589561
0.701573
0.643347
0.811085
0.918751
0.626516
0.801882
0.603149
0.920499
0.840296
0.821016
0.729669
0.474042
0.720353
0.528789
0.530203
0.840685
0.805172
0.918237
0.748868
0.856213
0.501583
0.503905
0.8737
0.813242
0.873214
0.735337
0.577389
0.750078
0.599873
0.596259
0.768507
0.716792
0.750742
0.915295
0.462556
0.509503
0.636642
0.833451
0.410296
0.678843
0.605992
0.709788
