0.296389
0.300009
0.280307
0.2704
0.282344
0.278885
0.271169
0.285985
0.289375
0.285429
0.302713
0.294393
0.306978
0.300984
0.291793
0.273737
0.286338
0.285776
0.297619
0.319002
0.296607
0.29464
0.308399
0.285761
0.297287
0.295815
0.305068
0.277031
0.319979
0.327163
0.276021
0.314167
0.262454
0.299462
0.313825
0.289094
0.316388
0.320131
0.32624
0.330506
0.323501
0.316469
0.307571
0.277504
0.329539
0.340853
0.33661
0.338057
0.331969
0.336305
0.320864
0.294968
0.34612
0.348828
0.357086
0.342836
0.326327
0.323591
0.346204
0.343861
0.344879
0.358482
0.316628
0.303038
0.35556
0.314596
0.334511
0.353521
0.360576
0.374836
0.341043
0.336827
0.355301
0.339359
0.370156
0.374146
0.356355
0.362948
0.356964
0.324885
0.3516
0.36903
0.381961
0.365367
0.365529
0.383113
0.341896
0.357122
0.35332
0.341961
0.37418
0.387679
0.389557
0.308574
0.350325
0.330097
0.387418
0.390437
0.352023
0.40727
0.345037
0.381343
0.413487
0.398004
0.436318
0.361258
0.375642
0.394774
0.421543
0.441257
0.350871
0.415686
0.390708
0.364682
0.450275
0.423825
0.372908
0.392504
0.403108
0.442078
0.457584
0.363345
0.440319
0.436376
0.424959
0.534349
0.42465
0.476056
0.385087
0.517204
0.37091
0.425761
0.47275
0.441435
0.43667
0.431397
0.444109
0.453943
0.459298
0.435284
0.447997
0.498216
0.453965
0.460179
0.452477
0.509627
0.494829
0.491805
0.504794
0.437414
0.577386
0.582934
0.4539
0.522043
0.554885
0.501603
0.515627
0.63271
0.499224
0.528154
0.589368
0.566371
0.613788
0.597791
0.615369
0.647872
0.630147
0.490361
0.745817
0.624651
0.567067
0.655128
0.790784
0.729791
0.526867
0.813853
0.581847
0.664317
0.775991
0.710046
0.7386
0.75515
0.869201
0.683145
0.746763
0.800999
0.830737
0.730151
0.838355
0.83255
0.530646
0.832779
0.669672
0.789847
0.839581
0.81505
0.821162
0.846921
0.810726
0.87537
0.802901
0.858294
0.847579
0.774949
0.839432
0.876197
0.930676
0.83043
0.743316
0.56233
0.90547
0.908918
0.914862
0.888604
0.858617
0.7776
0.801941
0.762423
0.606981
0.813686
0.646229
0.686637
0.735713
0.701582
0.745064
0.587817
0.738207
0.727851
0.751842
0.737403
0.749803
0.698719
0.702466
0.841959
0.70538
0.7869
0.702187
0.675413
0.829062
0.630858
0.669379
0.686869
0.886885
0.800048
0.800346
0.809149
0.712767
0.762613
0.816218
0.77351
0.81474
0.717541
0.864779
0.712054
0.784841
0.526837
0.735528
0.853026
0.92365
0.919269
0.72478
0.634573
0.651908
0.794361
0.928025
0.70729
0.894608
0.846963
0.457893
0.65712
0.760409
0.849433
0.779161
0.640049
0.790466
0.816808
0.794894
0.912839
0.801874
0.746498
0.91363
0.600764
0.855729
0.611573
0.665669
0.553405
0.647044
0.529964
0.721163
0.9019
0.783263
0.729159
0.746587
0.737983
0.828422
0.77551
0.626463
0.684298
0.785465
0.475745
0.873768
0.547633
0.780453
0.877128
0.456165
0.627907
0.683208
0.501032
0.869586
0.884393
0.447954
0.439739
0.870938
0.885339
0.749025
0.776639
0.671083
0.559897
0.781228
0.917395
0.923149
0.776262
0.905681
0.745742
0.796769
0.912094
0.506047
0.68782
0.773271
0.811834
0.730513
0.709268
0.867124
0.678893
0.798298
0.835658
0.717333
0.570097
0.916354
0.638367
0.556153
0.6454
0.807399
0.689641
0.863302
0.518963
0.818524
0.71891
0.434158
0.712947
0.514236
0.640551
0.530868
0.75403
0.537315
0.856212
0.76167
0.82857
0.628336
0.539397
0.847112
0.830195
0.730718
0.463607
0.813182
0.886313
0.604616
0.497214
0.795113
0.867245
0.520397
0.806719
0.796733
0.54011
0.696578
0.742605
0.706468
0.870324
0.700097
0.57739
0.617026
