0.305392
0.341801
0.317917
0.34217
0.338416
0.308075
0.296419
0.344541
0.340756
0.360574
0.318428
0.347887
0.347546
0.364775
0.35777
0.360735
0.344098
0.366601
0.341244
0.323403
0.344077
0.339616
0.355105
0.357832
0.328388
0.358165
0.358947
0.375652
0.334423
0.320483
0.386184
0.379524
0.362164
0.380317
0.336446
0.323311
0.382984
0.345679
0.361591
0.382133
0.339696
0.384242
0.337522
0.384336
0.382351
0.364581
0.372229
0.408368
0.404862
0.396415
0.393342
0.391672
0.368485
0.425905
0.403558
0.384382
0.412531
0.420282
0.414496
0.402806
0.398867
0.440761
0.450223
0.402193
0.401339
0.409001
0.378594
0.435443
0.441973
0.438599
0.458046
0.408418
0.453441
0.395164
0.468838
0.52942
0.404799
0.42196
0.438705
0.464565
0.484878
0.436062
0.443393
0.519338
0.431577
0.482307
0.477796
0.461213
0.439208
0.484573
0.490489
0.434819
0.44983
0.429596
0.507163
0.438385
0.516733
0.420174
0.458028
0.49394
0.514939
0.500973
0.523772
0.540941
0.544183
0.500649
0.517137
0.575202
0.541188
0.519191
0.587132
0.533486
0.551091
0.58879
0.62495
0.613487
0.554268
0.580127
0.550534
0.539843
0.627256
0.531501
0.710387
0.719034
0.605738
0.597217
0.783288
0.747071
0.69075
0.573764
0.708254
0.734384
0.748886
0.770215
0.869177
0.664084
0.777452
0.830612
0.766911
0.783833
0.775152
0.819184
0.819188
0.822393
0.805518
0.876153
0.821031
0.778074
0.878624
0.772124
0.830357
0.805337
0.849538
0.821429
0.792663
0.829016
0.831496
0.836084
0.79906
0.745082
0.663324
0.579536
0.795507
0.787213
0.776542
0.808785
0.849262
0.628838
0.809837
0.712603
0.683184
0.744597
0.784418
0.743819
0.563312
0.70616
0.697108
0.71591
0.542064
0.748429
0.694889
0.725164
0.835616
0.665711
0.624176
0.932975
0.693549
0.643076
0.819274
0.557139
0.676154
0.705622
0.657662
0.68369
0.829289
0.776652
0.809918
0.80805
0.777455
0.915648
0.77058
0.833245
0.869552
0.808287
0.896223
0.911812
0.867235
0.763139
0.922394
0.618694
0.861046
0.792818
0.861971
0.749107
0.874292
0.667255
0.854736
0.785321
0.867179
0.571768
0.662751
0.841454
0.918059
0.610975
0.742809
0.899149
0.757033
0.819241
0.735732
0.621853
0.808229
0.875622
0.67794
0.930867
0.813062
0.805193
0.605744
0.651799
0.552112
0.900004
0.808978
0.901046
0.684831
0.759201
0.651403
0.905377
0.682841
0.701385
0.708868
0.649006
0.714189
0.784623
0.866652
0.910583
0.454309
0.714506
0.543104
0.897402
0.703247
0.449461
0.620123
0.917583
0.881363
0.764907
0.761011
0.905612
0.698933
0.550647
0.837887
0.920571
0.725478
0.856617
0.880105
0.716482
0.788659
0.89444
0.853291
0.540138
0.595936
0.864253
0.923074
0.798341
0.721491
0.684249
0.8065
0.665761
0.775514
0.713588
0.581485
0.698974
0.56912
0.857413
0.584143
0.803729
0.850095
0.573734
0.862068
0.49453
0.877784
0.740089
0.414872
0.680564
0.455237
0.903333
0.706473
0.505743
0.918973
0.855867
0.719419
0.800809
0.769488
0.835271
0.727445
0.756635
0.917297
0.838611
0.658401
0.601364
0.920249
0.737318
0.412826
0.914242
0.712462
0.918458
0.463331
0.511293
0.64426
0.567249
0.832646
0.885657
0.878672
0.528704
0.660943
0.619183
