0.271372
0.303909
0.316698
0.296696
0.289657
0.297577
0.299096
0.297202
0.267401
0.297449
0.320664
0.327434
0.280514
0.321072
0.301719
0.276871
0.304345
0.289308
0.299327
0.325809
0.324476
0.324636
0.32772
0.318285
0.313376
0.293519
0.293632
0.329977
0.334188
0.331093
0.336088
0.309232
0.30614
0.326456
0.316726
0.337256
0.349229
0.308075
0.349393
0.312805
0.309876
0.335724
0.350766
0.339016
0.344599
0.349483
0.359677
0.345067
0.356033
0.312735
0.324852
0.354037
0.339147
0.358776
0.33831
0.319182
0.337908
0.355322
0.351256
0.36049
0.362854
0.331022
0.362881
0.351299
0.379149
0.318566
0.325516
0.374169
0.354721
0.372761
0.393066
0.378251
0.358345
0.35077
0.359716
0.369842
0.398954
0.401835
0.379219
0.317285
0.337633
0.348259
0.358325
0.362533
0.382327
0.406452
0.380581
0.392259
0.427143
0.403192
0.363489
0.416317
0.384531
0.372709
0.396621
0.388816
0.433589
0.395681
0.365613
0.38548
0.429613
0.405516
0.445118
0.42338
0.451592
0.427197
0.384225
0.43991
0.363559
0.399213
0.451877
0.410674
0.470965
0.375803
0.415375
0.428712
0.442993
0.401789
0.452687
0.431067
0.520259
0.45758
0.475399
0.443162
0.434497
0.427953
0.47024
0.457719
0.45139
0.483339
0.383541
0.489871
0.511955
0.585413
0.509584
0.500976
0.548447
0.500959
0.495686
0.47842
0.551753
0.531692
0.514826
0.534926
0.492017
0.517084
0.582008
0.637839
0.514443
0.593928
0.534818
0.581619
0.605618
0.591365
0.624241
0.552531
0.649215
0.630465
0.571267
0.645789
0.793223
0.597465
0.619988
0.783171
0.739971
0.653952
0.694979
0.66866
0.755315
0.700067
0.722294
0.739867
0.743082
0.651789
0.77479
0.841448
0.78988
0.687709
0.813652
0.756969
0.84831
0.637542
0.823937
0.789823
0.732609
0.825632
0.879298
0.864753
0.824914
0.869593
0.805206
0.857938
0.848216
0.832556
0.824045
0.868441
0.920813
0.813494
0.724041
0.770906
0.634306
0.595002
0.80331
0.79236
0.74523
0.80489
0.772438
0.599984
0.792071
0.710949
0.753669
0.765968
0.654327
0.858369
0.850892
0.878504
0.81585
0.84142
0.793726
0.82034
0.897769
0.666797
0.7252
0.834264
0.647974
0.792147
0.692732
0.671856
0.829973
0.600014
0.676095
0.709205
0.489739
0.682171
0.828204
0.75238
0.8151
0.784894
0.761747
0.923383
0.79105
0.80228
0.728328
0.8635
0.721679
0.786237
0.750319
0.737232
0.840124
0.929172
0.740202
0.85977
0.631602
0.708586
0.79344
0.914159
0.784341
0.840925
0.790608
0.889287
0.453872
0.607045
0.638495
0.918077
0.928009
0.741139
0.820766
0.852683
0.79085
0.745369
0.784196
0.846789
0.805715
0.884645
0.813238
0.926974
0.593719
0.803177
0.894975
0.544371
0.728033
0.912636
0.762684
0.731822
0.83682
0.803391
0.656969
0.572461
0.670277
0.728167
0.800914
0.817511
0.781098
0.891383
0.701978
0.881346
0.582134
0.838764
0.877439
0.447027
0.410754
0.683102
0.693447
0.594951
0.812249
0.805395
0.541133
0.779282
0.928884
0.899123
0.636694
0.778505
0.762415
0.858217
0.80345
0.818621
0.500232
0.685832
0.768925
0.696776
0.726576
0.91139
0.875029
0.676867
0.796563
0.811832
0.696117
0.578738
0.882671
0.646803
0.548553
0.814855
0.609148
0.578955
0.894681
0.572969
0.644221
0.831845
0.543061
0.655885
0.660706
0.646307
0.788277
0.536639
0.91205
0.714798
0.829999
0.651479
0.610194
0.933345
0.820388
0.746176
0.787708
0.849764
0.727762
0.420488
0.692889
0.88173
0.883271
0.751746
0.783572
0.556152
0.863963
0.494341
0.665703
0.817878
0.700057
0.797442
0.74664
0.88668
0.555531
0.660898
