0.905381
0.73305
0.758216
0.893251
0.697074
0.824217
0.61638
0.71957
0.774947
0.787903
0.626854
0.556617
0.685776
0.650872
0.840162
0.84689
0.569537
0.897776
0.570911
0.877994
0.482443
0.836273
0.629973
0.743564
0.833422
0.841023
0.555987
0.862647
0.657562
0.77061
0.565895
0.599792
0.601278
0.850552
0.742835
0.519385
0.816627
0.74865
0.897373
0.759492
0.822266
0.558104
0.629858
0.861466
0.736583
0.411879
0.704649
0.935651
0.592909
0.514258
0.750772
0.476091
0.634416
0.446773
0.771222
0.872137
0.621545
0.8426
0.74554
0.548988
0.64917
