0.544147
0.63101
0.577853
0.626919
0.589762
0.560462
0.52653
0.657437
0.626239
0.757162
0.692593
0.511182
0.769352
0.750547
0.694694
0.572376
0.604722
0.756585
0.745678
0.734538
0.699626
0.699044
0.651116
0.785977
0.838631
0.7442
0.726981
0.876058
0.770792
0.794582
0.745984
0.794188
0.742976
0.828656
0.788509
0.887756
0.761752
0.871547
0.803482
0.849476
0.79565
0.860091
0.804283
0.875185
0.735203
0.832121
0.73806
0.7667
0.633285
0.615721
0.73811
0.781757
0.780223
0.804567
0.760415
0.726981
0.758811
0.713622
0.753267
0.754951
0.786902
0.625269
0.681302
0.70937
0.705959
0.752585
0.730058
0.750785
0.712739
0.725235
0.83773
0.759838
0.787314
0.695516
0.644312
0.830678
0.58519
0.664891
0.677202
0.897594
0.774835
0.807413
0.834286
0.747126
0.762637
0.785831
0.79751
0.827285
0.725445
0.870486
0.714703
0.78257
0.847758
0.830693
0.768231
0.930526
0.763811
0.848994
0.685342
0.628036
0.795359
0.925999
0.815052
0.87156
0.802243
0.907247
0.638381
0.548984
0.72094
0.851845
0.930216
0.685629
0.860962
0.851357
0.817581
0.88539
0.847606
0.660963
0.786708
0.840792
0.805883
0.621807
0.688449
0.771822
0.521615
0.793936
0.667438
0.782468
0.642962
0.772625
0.905285
0.790091
0.698622
0.747421
0.657614
0.905998
0.663615
0.915565
0.577901
0.761802
0.851042
0.656825
0.781404
0.930411
0.673656
0.908711
0.580212
0.851937
0.466202
0.784799
0.874734
0.895806
0.670999
0.821607
0.906029
0.824821
0.532405
0.769342
0.623813
0.898912
0.560055
0.686991
0.836024
0.519142
0.811447
0.92151
0.846577
0.713404
0.773056
0.676043
0.831019
0.726368
0.556789
0.830922
0.620619
0.876022
0.794607
0.567126
0.812888
0.7517
0.516738
0.677856
0.719675
0.675465
0.500717
0.433038
0.595954
0.921621
0.712306
0.489576
0.56016
0.899306
0.822834
0.902433
0.69001
0.666198
0.922822
0.797267
0.873008
0.551503
0.531996
0.797643
0.771701
0.762456
0.83328
0.860382
0.431704
0.811519
0.832073
0.839119
0.811581
0.868741
0.547493
0.518974
