0.809234
0.777127
0.741592
0.770597
0.813234
0.774678
0.751944
0.723821
0.864306
0.713477
0.78298
0.532295
0.751339
0.860898
0.920386
0.819394
0.713076
0.72857
0.791064
0.927393
0.840837
0.859765
0.803518
0.889039
0.623898
0.598413
0.66322
0.787462
0.718402
0.562168
0.743228
0.79885
0.865579
0.882821
0.697819
0.61931
0.752585
0.686048
0.727361
0.855718
0.868511
0.890172
0.538425
0.622915
0.547927
0.585396
0.557261
0.721214
0.857457
0.762124
0.646506
0.851602
0.740186
0.814999
0.518917
0.538552
0.709679
0.598963
0.728517
0.789485
0.654672
0.7825
0.903386
0.459507
0.726047
0.697609
0.831619
0.877692
0.431836
0.616347
0.739756
0.713275
0.862154
0.698876
0.729568
0.661493
0.531975
0.641104
0.884575
0.753271
0.90642
0.686981
0.928133
0.573579
0.53076
0.745451
0.784171
0.659422
0.864053
0.660919
0.669803
0.790142
0.805238
0.640322
0.918642
0.71681
0.886924
0.802227
0.723767
0.653693
0.574558
0.788946
0.909245
0.51257
0.674994
0.736374
0.67778
0.545887
0.600661
0.658204
0.878993
0.811203
0.57688
0.84763
0.487256
0.884205
0.757205
0.824967
0.91783
0.626276
0.622594
0.741688
0.764416
0.7669
0.809671
0.607742
0.851522
0.556099
0.684979
0.447011
0.649727
0.755592
0.67536
0.574617
0.584483
0.831136
0.672809
0.676767
0.648774
0.590154
