0.734724
0.766887
0.842373
0.759201
0.816208
0.709773
0.792037
0.752074
0.847647
0.884854
0.805218
0.829469
0.806252
0.845644
0.852014
0.819314
0.828256
0.875295
0.92383
0.832192
0.791417
0.619923
0.906708
0.885148
0.923275
0.795605
0.76834
0.789555
0.813666
0.757515
0.724265
0.813536
0.713718
0.753748
0.749869
0.804302
0.700082
0.570862
0.74099
0.72263
0.71648
0.729511
0.748842
0.698653
0.692743
0.841355
0.759839
0.792345
0.6937
0.672139
0.819274
0.637449
0.671581
0.630376
0.894575
0.790681
0.811151
0.795869
0.703757
0.760769
0.804441
0.796939
0.840672
0.720077
0.87066
0.714263
0.779675
0.700562
0.875185
0.775306
0.913563
0.762896
0.855297
0.625728
0.643045
0.788132
0.825064
0.771074
0.821145
0.820853
0.892353
0.650116
0.82693
0.766569
0.88263
0.74368
0.801711
0.868041
0.791108
0.868588
0.569945
0.72319
0.746049
0.870326
0.930925
0.810362
0.812767
0.534211
0.793521
0.894564
0.451594
0.653347
0.850285
0.681408
0.728288
0.842888
0.908046
0.522827
0.639407
0.584232
0.713049
0.784623
0.755977
0.862852
0.460738
0.718691
0.626185
0.479673
0.658722
0.684627
0.904015
0.672802
0.849841
0.685256
0.546026
0.669176
0.928643
0.922975
0.601819
0.682991
0.754378
0.653787
0.48308
0.916264
0.741869
0.664804
0.683121
0.771984
0.863215
0.872792
0.698644
0.795221
0.708964
0.512365
0.924581
0.620303
0.885191
0.748501
0.653818
0.808221
0.734433
0.881556
0.548218
0.932134
0.509528
0.656908
0.709728
0.670474
0.486957
0.676751
0.444653
0.725869
0.797402
0.840361
0.644406
0.892659
0.761322
0.819892
0.687601
0.726289
0.836781
0.712863
0.618487
0.689144
0.599769
0.600844
0.590492
0.736766
0.440908
0.924292
0.746128
0.869492
0.499601
0.725536
0.821188
0.857529
0.856028
0.37961
0.571788
0.577808
