0.344616
0.346812
0.353193
0.290153
0.348365
0.360964
0.358219
0.330109
0.347428
0.344013
0.338521
0.336549
0.329958
0.339403
0.359041
0.365126
0.357796
0.369073
0.367955
0.33609
0.341939
0.342689
0.376161
0.38771
0.352353
0.38921
0.356432
0.368968
0.37597
0.344786
0.328262
0.313906
0.401917
0.384451
0.378922
0.382963
0.372319
0.398205
0.364687
0.388095
0.410534
0.404308
0.391494
0.399589
0.404324
0.390057
0.433709
0.411003
0.383369
0.391663
0.392186
0.394918
0.377929
0.396195
0.374881
0.406336
0.385636
0.401188
0.458255
0.411774
0.332664
0.409567
0.406389
0.452714
0.43296
0.407784
0.395846
0.46861
0.438132
0.451663
0.415134
0.435674
0.482411
0.417586
0.487789
0.442794
0.491281
0.431841
0.464496
0.505926
0.437493
0.417735
0.392542
0.40362
0.43665
0.438198
0.485353
0.49257
0.435106
0.577254
0.518252
0.487975
0.470987
0.515829
0.459478
0.553322
0.451496
0.514588
0.530937
0.566861
0.501618
0.519017
0.585265
0.63603
0.617127
0.571752
0.625609
0.628633
0.596693
0.604138
0.638671
0.539102
0.577444
0.65496
0.709023
0.649935
0.635771
0.675226
0.783276
0.682327
0.548302
0.770282
0.58628
0.638285
0.777459
0.714412
0.724393
0.73277
0.871171
0.633366
0.62814
0.819195
0.839719
0.825228
0.723461
0.827004
0.804484
0.849567
0.790308
0.87104
0.819024
0.843489
0.843909
0.821193
0.859937
0.790674
0.847428
0.797067
0.871592
0.806894
0.872154
0.926773
0.836154
0.796159
0.734336
0.641392
0.611843
0.815179
0.792723
0.706379
0.810939
0.822234
0.634282
0.809454
0.712476
0.692607
0.719105
0.783986
0.640444
0.587381
0.694482
0.70821
0.744235
0.739231
0.749754
0.692744
0.691005
0.835508
0.759816
0.787287
0.692683
0.664392
0.817633
0.63463
0.671493
0.707789
0.659691
0.68281
0.872335
0.729919
0.823675
0.805511
0.777592
0.916948
0.797496
0.814116
0.720929
0.875775
0.715742
0.787224
0.699417
0.873993
0.665661
0.830906
0.82392
0.659349
0.712323
0.652995
0.793219
0.893019
0.87915
0.857893
0.802731
0.794373
0.571971
0.693035
0.937122
0.790378
0.928413
0.741572
0.819938
0.819818
0.855918
0.842946
0.848324
0.912808
0.519482
0.785193
0.738886
0.870636
0.93114
0.818905
0.926171
0.587639
0.851929
0.932429
0.528577
0.760601
0.861689
0.733706
0.676236
0.716513
0.647563
0.906124
0.672571
0.662369
0.647365
0.676471
0.713044
0.821456
0.816374
0.77948
0.447506
0.700719
0.917825
0.589806
0.876009
0.410653
0.616119
0.917583
0.680937
0.798193
0.644102
0.691382
0.826798
0.726522
0.704328
0.762426
0.853207
0.883227
0.819731
0.478647
0.911825
0.814977
0.677849
0.726719
0.768766
0.804737
0.673915
0.839184
0.59137
0.521855
0.782015
0.629761
0.617612
0.610351
0.923303
0.80149
0.627585
0.499908
0.464896
0.516706
0.676395
0.676345
0.664939
0.501233
0.542376
0.548552
0.607984
0.653144
0.642485
0.578233
0.719047
0.881319
0.877919
0.550338
0.833982
0.727722
0.741561
0.8885
0.865765
0.620824
0.559119
0.607132
0.734365
0.447945
0.923968
0.755121
0.771185
0.543343
0.684831
0.719866
0.623004
0.614282
