0.8767
0.752705
0.729126
0.794005
0.719878
0.540793
0.696207
0.708845
0.602167
0.776726
0.897633
0.791842
0.895984
0.737974
0.574074
0.88481
0.599547
0.447365
0.62496
0.730114
0.874203
0.669872
0.708531
0.634419
0.614107
0.924781
0.922783
0.753281
0.86763
0.767903
0.700624
0.798191
0.748403
0.828953
0.808548
0.739211
0.721233
0.505098
0.596047
0.847868
0.772943
0.57431
0.924134
0.63845
0.679403
0.690573
0.788481
0.558058
0.687373
0.516023
0.636479
0.732105
0.764427
0.531928
0.66996
0.454927
0.825305
0.691364
0.455704
0.670439
0.598537
0.725522
0.775516
0.822652
0.497936
0.62451
0.637254
0.727697
0.724358
0.621906
0.553448
0.643009
0.612863
0.733339
0.403327
0.925125
0.822948
0.899088
0.588269
0.587529
0.835452
0.864546
0.56715
0.551046
