0.273935
0.274269
0.257201
0.254503
0.244572
0.254931
0.24133
0.27062
0.27445
0.274299
0.278251
0.287423
0.285249
0.24582
0.262661
0.268916
0.266476
0.263452
0.274967
0.284231
0.264163
0.252305
0.294926
0.286466
0.282634
0.237398
0.267776
0.230096
0.26828
0.284476
0.287508
0.295821
0.302769
0.271438
0.278215
0.276236
0.271874
0.284324
0.287493
0.27072
0.302739
0.304068
0.292815
0.303782
0.28502
0.275861
0.284755
0.282992
0.297039
0.315974
0.31943
0.298063
0.309695
0.298753
0.297096
0.301749
0.277036
0.315999
0.318606
0.32811
0.321575
0.315408
0.262461
0.304173
0.304257
0.311424
0.313335
0.321591
0.33024
0.298278
0.317224
0.307459
0.308156
0.323221
0.332805
0.331637
0.33913
0.327564
0.326913
0.32157
0.327566
0.325228
0.334977
0.331863
0.354612
0.329635
0.348594
0.340053
0.329048
0.348049
0.324031
0.294573
0.363804
0.34734
0.312371
0.345396
0.281758
0.295589
0.332571
0.345963
0.356712
0.361779
0.34669
0.359332
0.356847
0.359358
0.357881
0.323719
0.332023
0.365174
0.363264
0.35086
0.374145
0.348349
0.363734
0.375948
0.371622
0.364864
0.391234
0.35659
0.337609
0.354341
0.366839
0.32125
0.352666
0.345562
0.399271
0.341929
0.382639
0.349979
0.367207
0.38992
0.396949
0.386995
0.342699
0.34245
0.398104
0.413388
0.368021
0.419323
0.406771
0.350259
0.417395
0.404663
0.461016
0.392987
0.40065
0.41394
0.422232
0.45027
0.431729
0.427205
0.401864
0.380912
0.411893
0.35975
0.437339
0.422269
0.458408
0.427004
0.409903
0.396818
0.443042
0.379361
0.507642
0.440233
0.44717
0.440168
0.529037
0.383619
0.455916
0.413687
0.495874
0.467578
0.475233
0.484701
0.411122
0.449572
0.459731
0.378491
0.404301
0.460958
0.488811
0.501947
0.421206
0.504939
0.519553
0.503694
0.471191
0.489228
0.577694
0.56319
0.528642
0.582178
0.443082
0.423072
0.520009
0.580071
0.608295
0.534182
0.514475
0.597991
0.500785
0.483809
0.631701
0.589468
0.617944
0.580944
0.623806
0.632064
0.656355
0.705519
0.750709
0.661164
0.667383
0.624393
0.733802
0.718206
0.713062
0.745401
0.66954
0.710171
0.748866
0.828216
0.701334
0.762923
0.619382
0.77878
0.839898
0.826937
0.723549
0.882486
0.770536
0.833148
0.739001
0.770865
0.873638
0.837068
0.79539
0.879609
0.786274
0.871106
0.805043
0.849027
0.803975
0.82288
0.835762
0.844809
0.67937
0.84852
0.778382
0.760655
0.632166
0.590054
0.812044
0.772636
0.78815
0.816259
0.83526
0.649615
0.815528
0.714504
0.677547
0.743381
0.774331
0.727129
0.548691
0.734476
0.718605
0.739696
0.738421
0.750416
0.726175
0.704631
0.766806
0.747754
0.798266
0.690657
0.870116
0.841523
0.831083
0.614565
0.682186
0.64284
0.400616
0.879145
0.762271
0.812383
0.827518
0.740543
0.755765
0.785863
0.660079
0.731037
0.727396
0.861995
0.716171
0.789822
0.532837
0.766677
0.833709
0.913865
0.818685
0.61605
0.653345
0.793334
0.86486
0.783797
0.85665
0.748374
0.884319
0.618779
0.587049
0.694359
0.928426
0.69244
0.733718
0.798057
0.652303
0.859204
0.762094
0.866781
0.601825
0.822892
0.653508
0.930928
0.914267
0.870938
0.53
0.840737
0.74599
0.466939
0.76201
0.901078
0.774862
0.838153
0.727658
0.807272
0.704354
0.656612
0.907008
0.905811
0.877651
0.790963
0.709143
0.659329
0.687735
0.708867
0.791391
0.568135
0.921298
0.449381
0.900797
0.477311
0.837569
0.749936
0.730917
0.654029
0.752921
0.679777
0.806811
0.897485
0.914008
0.804827
0.680003
0.611156
0.790744
0.540424
0.847346
0.747106
0.75667
0.719149
0.835417
0.687146
0.793329
0.852009
0.697942
0.577589
0.84856
0.590632
0.885176
0.584841
0.806656
0.896877
0.800014
0.89497
0.590583
0.689784
0.638861
0.523793
0.635444
0.711067
0.614032
0.586973
0.683921
0.866512
0.807705
0.824754
0.552557
0.632974
0.783426
0.74816
0.85517
0.482412
0.810255
0.851578
0.728338
0.334128
0.795559
0.861752
0.419354
0.739795
0.789724
0.869925
0.840765
0.657453
0.883544
0.771924
0.840795
0.600539
0.571021
0.733664
0.754762
0.6386
0.660195
0.606163
