0.361633
0.38995
0.405139
0.396319
0.389536
0.403485
0.355452
0.359744
0.371424
0.377717
0.373508
0.419984
0.413658
0.362837
0.401433
0.436872
0.394761
0.405845
0.40624
0.437871
0.378087
0.4433
0.43945
0.41444
0.460457
0.433981
0.440266
0.437285
0.431397
0.478105
0.41664
0.467341
0.418195
0.462594
0.431
0.468557
0.443675
0.519358
0.481241
0.518794
0.412622
0.477595
0.451194
0.437276
0.430636
0.446939
0.49758
0.384007
0.506765
0.499576
0.435978
0.475508
0.505603
0.392669
0.367462
0.506071
0.508751
0.52969
0.561244
0.507307
0.481691
0.562916
0.45092
0.518954
0.506238
0.607794
0.63664
0.630131
0.433171
0.563207
0.566584
0.579745
0.59471
0.597843
0.618562
0.577446
0.605521
0.574538
0.71456
0.666765
0.549983
0.627381
0.782634
0.682131
0.582248
0.669989
0.730025
0.777514
0.730531
0.719403
0.75522
0.723108
0.716245
0.66741
0.794423
0.843359
0.785568
0.838377
0.77609
0.873694
0.759543
0.841271
0.807455
0.87658
0.813057
0.853246
0.845281
0.810504
0.821174
0.830388
0.786903
0.849027
0.83388
0.82348
0.835514
0.840407
0.802563
0.756607
0.72815
0.667791
0.6777
0.767872
0.794008
0.786815
0.826869
0.831292
0.679913
0.794919
0.709576
0.755793
0.766067
0.784014
0.744968
0.587381
0.694958
0.713975
0.743568
0.72431
0.749612
0.648585
0.729018
0.840722
0.728117
0.80179
0.692732
0.676796
0.823344
0.637092
0.676158
0.65117
0.66392
0.679921
0.871397
0.754753
0.763774
0.808788
0.79346
0.916514
0.926775
0.770502
0.804743
0.821325
0.893969
0.914774
0.876769
0.765643
0.929251
0.618493
0.858787
0.673402
0.651069
0.793508
0.85106
0.726096
0.85466
0.847555
0.896315
0.38009
0.604481
0.714306
0.766708
0.718277
0.72833
0.739398
0.821265
0.769049
0.817366
0.793098
0.575943
0.802313
0.7458
0.880113
0.930688
0.828377
0.840991
0.604479
0.717737
0.908234
0.653509
0.533065
0.810413
0.900897
0.722106
0.676866
0.754677
0.864622
0.905859
0.739947
0.836099
0.670272
0.720883
0.782346
0.627186
0.872608
0.467191
0.877131
0.589118
0.817992
0.741484
0.687392
0.883308
0.681962
0.718408
0.829294
0.532447
0.675282
0.919658
0.578481
0.779128
0.540751
0.880944
0.901823
0.931909
0.71368
0.52876
0.821627
0.74275
0.614505
0.637155
0.681945
0.755278
0.851188
0.675952
0.629673
0.782253
0.801888
0.435453
0.856154
0.653008
0.819257
0.794817
0.626886
0.726413
0.762393
0.500166
0.67586
0.680565
0.684034
0.658268
0.491279
0.911339
0.675755
0.588943
0.790496
0.62384
0.610843
0.862879
0.81359
0.58133
0.896421
0.647876
0.815925
0.727113
0.764321
0.91798
0.753731
0.604423
0.55371
0.854861
0.621388
0.884287
0.69566
0.866456
0.517943
0.696985
0.923563
0.716019
0.912792
0.676254
0.606814
