0.377259
0.384045
0.347076
0.319652
0.366174
0.325098
0.399006
0.39603
0.382149
0.366684
0.397594
0.365845
0.391588
0.398921
0.361959
0.402777
0.404225
0.340666
0.362663
0.422042
0.38148
0.384605
0.40464
0.378913
0.411506
0.399238
0.412666
0.399135
0.393231
0.420821
0.396522
0.388863
0.399436
0.437779
0.43729
0.422078
0.425568
0.402513
0.3869
0.380101
0.362553
0.397718
0.43886
0.406285
0.44593
0.421388
0.468633
0.438652
0.439657
0.438529
0.486071
0.339609
0.475026
0.441365
0.428426
0.467495
0.485151
0.432733
0.436822
0.436298
0.422486
0.403871
0.430546
0.425134
0.463102
0.433958
0.491527
0.461975
0.492062
0.420857
0.501738
0.531444
0.510628
0.568762
0.567414
0.500822
0.533542
0.561187
0.472122
0.48626
0.578258
0.49548
0.552607
0.599258
0.568304
0.469898
0.633461
0.570998
0.58417
0.653928
0.559804
0.546888
0.599893
0.553296
0.647942
0.768771
0.685628
0.489413
0.783203
0.750635
0.607803
0.741183
0.604833
0.548932
0.708049
0.695952
0.74167
0.817895
0.720342
0.776538
0.692548
0.780754
0.84317
0.806989
0.774112
0.813701
0.798459
0.755397
0.771429
0.77821
0.871144
0.779411
0.787046
0.867988
0.775268
0.848064
0.805194
0.843333
0.848201
0.848727
0.829623
0.866077
0.779517
0.836473
0.711878
0.77583
0.729723
0.642841
0.641069
0.78088
0.777564
0.745098
0.816675
0.841446
0.61752
0.809809
0.708034
0.676302
0.74412
0.71487
0.741204
0.664897
0.740167
0.741293
0.742856
0.737045
0.777283
0.651336
0.715999
0.741175
0.757904
0.811605
0.70119
0.643076
0.825004
0.617935
0.676171
0.638002
0.673261
0.683304
0.875873
0.742532
0.785189
0.805144
0.772272
0.912536
0.917275
0.802687
0.805529
0.828229
0.893565
0.911772
0.883389
0.732687
0.912328
0.915099
0.793877
0.707621
0.634443
0.789708
0.860154
0.713745
0.876753
0.802336
0.89997
0.401899
0.480299
0.855073
0.917646
0.68016
0.741677
0.78464
0.74178
0.836278
0.79249
0.705471
0.784139
0.653508
0.931229
0.888843
0.910449
0.785716
0.78717
0.877977
0.63921
0.790148
0.900868
0.66702
0.672657
0.716665
0.727374
0.907518
0.655008
0.736408
0.56604
0.699689
0.817795
0.791428
0.881053
0.749391
0.745579
0.72051
0.418109
0.760327
0.89023
0.760805
0.773812
0.826914
0.688617
0.706982
0.850208
0.789829
0.922921
0.781409
0.903615
0.783494
0.895983
0.890863
0.542074
0.813124
0.69166
0.760491
0.612236
0.584984
0.862784
0.676644
0.762485
0.717257
0.552336
0.69869
0.712035
0.791705
0.645388
0.897695
0.791656
0.896258
0.584985
0.709891
0.829331
0.516288
0.884579
0.510108
0.841551
0.739914
0.540132
0.551662
0.598282
0.867358
0.727622
0.466732
0.629187
0.620227
0.738753
0.886591
0.62659
0.858621
0.693115
0.762531
0.608212
0.679386
0.867783
0.844996
0.68528
0.580909
0.755854
0.439319
0.655927
0.711912
0.783462
0.488583
0.440928
0.63046
0.79197
0.830032
0.753203
0.738873
