0.224578
0.22616
0.226143
0.225151
0.222154
0.226159
0.222339
0.21826
0.216475
0.220846
0.21872
0.221327
0.218542
0.21788
0.216671
0.215638
0.219398
0.216154
0.219836
0.221271
0.219027
0.2221
0.223446
0.230067
0.229069
0.230306
0.220612
0.22562
0.225693
0.224212
0.220449
0.221115
0.220391
0.221204
0.214171
0.220428
0.22226
0.221552
0.220947
0.223299
0.219326
0.221913
0.223214
0.216443
0.221728
0.225055
0.223397
0.225121
0.225878
0.219307
0.221529
0.225977
0.222335
0.219171
0.223862
0.223624
0.225033
0.218597
0.223835
0.219688
0.223764
0.225848
0.227632
0.223891
0.221429
0.227854
0.227318
0.221066
0.219505
0.224398
0.225747
0.221125
