0.476339
0.435405
0.461058
0.499577
0.504718
0.454898
0.505547
0.576945
0.51526
0.376914
0.52789
0.471077
0.515788
0.471667
0.524346
0.50516
0.54053
0.53709
0.562871
0.489965
0.471083
0.519347
0.578511
0.63638
0.613947
0.60134
0.560275
0.619536
0.54866
0.584361
0.644004
0.555718
0.570329
0.655614
0.786165
0.685319
0.596884
0.783036
0.749429
0.718991
0.688673
0.668616
0.746276
0.725941
0.731359
0.700482
0.732797
0.750117
0.751077
0.779723
0.833269
0.794073
0.735474
0.769693
0.88308
0.815197
0.807514
0.675402
0.716412
0.875995
0.704963
0.851793
0.844952
0.81864
0.875386
0.756981
0.870993
0.850455
0.822585
0.842397
0.873643
0.790508
0.822986
0.762145
0.749176
0.636609
0.621757
0.795725
0.74887
0.786546
0.804678
0.836139
0.728335
0.819388
0.686684
0.719071
0.744549
0.741379
0.625929
0.538965
0.740934
0.712089
0.722428
0.695584
0.749803
0.635194
0.710622
0.834325
0.75909
0.87442
0.692832
0.610288
0.817096
0.634997
0.649871
0.636578
0.478981
0.682171
0.860832
0.728728
0.820639
0.799863
0.761974
0.924157
0.796922
0.830126
0.722059
0.870685
0.710473
0.787014
0.703522
0.889973
0.771969
0.929468
0.621121
0.84568
0.706089
0.63689
0.795351
0.85927
0.814899
0.885296
0.833714
0.898164
0.501214
0.734469
0.839356
0.916902
0.680567
0.731329
0.79862
0.755162
0.830416
0.799324
0.9157
0.802332
0.835059
0.802326
0.897157
0.83547
0.80144
0.606325
0.597865
0.580541
0.864018
0.630157
0.821145
0.858284
0.776494
0.843088
0.865626
0.914246
0.659374
0.847996
0.795304
0.503199
0.808449
0.622722
0.874663
0.464859
0.727351
0.916643
0.543012
0.867747
0.499714
0.681787
0.692744
0.634096
0.842823
0.883537
0.555957
0.841521
0.60309
0.805715
0.759101
0.776293
0.500938
0.89505
0.923131
0.796564
0.663617
0.768281
0.817435
0.653103
0.746235
0.718959
0.581377
0.882531
0.620587
0.858529
0.434632
0.447999
0.898268
0.785417
0.91733
0.778809
0.541564
0.672922
0.822564
0.66639
0.587827
0.64731
0.548409
0.565483
0.535067
0.706156
0.740268
0.920234
0.808619
0.82698
0.495488
0.666125
0.841554
0.728166
0.739796
0.642608
0.590774
0.723835
0.66987
0.636558
0.634983
0.42338
0.750244
0.775043
0.483647
0.597135
0.765992
0.89147
0.54589
0.680255
