0.756446
0.866277
0.772333
0.867113
0.803646
0.872545
0.77708
0.380197
0.555336
0.675344
0.919402
0.728782
0.731836
0.799073
0.759367
0.816061
0.780318
0.632368
0.797545
0.746132
0.874901
0.842554
0.781653
0.892724
0.461932
0.820109
0.561106
0.619012
0.664373
0.887064
0.727536
0.743121
0.797077
0.76905
0.574231
0.509121
0.715241
0.577998
0.707591
0.80711
0.790672
0.467377
0.731166
0.917781
0.473727
0.869267
0.763728
0.7297
0.860521
0.670185
0.576886
0.68325
0.532311
0.468612
0.738434
0.903352
0.915949
0.768532
0.698673
0.815578
0.521686
0.626593
0.895045
0.908809
0.756017
0.612559
0.705554
0.86199
0.66631
0.810135
0.656735
0.610511
0.917515
0.629364
0.853789
0.68187
0.801057
0.776295
0.834027
0.543491
0.881033
0.742045
0.669255
0.599656
0.476903
0.782082
0.712703
0.82716
0.852303
0.650756
0.899539
0.744057
0.837977
0.814685
0.920943
0.674377
0.463591
0.902005
0.886525
0.676347
0.647166
0.600976
0.631434
0.447926
0.697256
0.871697
0.918463
0.377792
0.869078
0.595299
