0.736049
0.742129
0.738406
0.780669
0.729538
0.835257
0.600471
0.7875
0.706923
0.750421
0.759603
0.789055
0.625275
0.56609
0.6929
0.694528
0.726959
0.734392
0.752108
0.649194
0.736436
0.675664
0.743993
0.787247
0.692732
0.540012
0.833215
0.599782
0.662894
0.670888
0.503259
0.681431
0.817224
0.745864
0.839445
0.792354
0.777223
0.916493
0.911771
0.718007
0.84821
0.844221
0.825474
0.910333
0.862533
0.716294
0.853244
0.913821
0.72439
0.613869
0.672408
0.774086
0.926046
0.707825
0.878819
0.839705
0.605424
0.495743
0.644312
0.792953
0.933694
0.911961
0.831528
0.861708
0.855995
0.769654
0.671859
0.852214
0.658993
0.805681
0.918605
0.9213
0.531325
0.522981
0.743602
0.531451
0.89781
0.553575
0.744365
0.905285
0.740562
0.648702
0.679841
0.763713
0.877971
0.908085
0.813909
0.812882
0.606984
0.709171
0.464419
0.849851
0.615633
0.769332
0.892913
0.453674
0.917781
0.474092
0.883855
0.640885
0.741195
0.681651
0.881498
0.776593
0.905408
0.633383
0.77973
0.797648
0.591274
0.80215
0.547385
0.679125
0.833064
0.505077
0.813793
0.7673
0.80177
0.711485
0.787948
0.657035
0.792276
0.895803
0.509947
0.8784
0.619447
0.859093
0.842068
0.810857
0.85924
0.788531
0.528367
0.899161
0.576176
0.670594
0.770664
0.545642
0.702324
0.474072
0.789041
0.701174
0.827135
0.700097
0.606012
0.740536
0.789898
0.848543
0.698657
0.528154
0.884524
0.736603
0.725076
0.633541
0.63493
0.748403
0.75805
0.69181
0.505425
0.738189
0.427717
0.657843
0.818449
0.567197
0.695702
0.7552
0.694312
0.770268
0.678804
0.67102
