0.514894
0.916168
0.501288
0.818227
0.501701
0.60029
0.873044
0.689319
0.808261
0.723914
0.409082
0.64878
0.843561
0.761714
0.640803
0.81136
0.496054
0.763787
0.525757
0.333776
0.757545
0.807729
0.662864
0.814634
0.676441
0.739871
0.497969
0.885286
0.422076
0.716215
0.711516
0.846363
0.728543
0.874428
0.555849
0.904077
0.687708
0.66591
0.490569
0.48547
0.471798
0.803016
0.670557
0.825974
0.67028
0.635779
0.809961
0.738643
0.820769
0.883744
0.689333
0.884517
0.819861
0.727721
0.726541
0.61659
0.726057
0.604524
0.850734
0.581235
0.723632
0.727817
0.442268
0.817321
0.919567
0.469176
0.669545
0.933521
0.519301
0.552344
0.679707
0.808164
