0.797124
0.895398
0.673736
0.796084
0.81112
0.834531
0.73591
0.771783
0.787345
0.79125
0.762425
0.726082
0.864105
0.714767
0.783088
0.698672
0.888564
0.775827
0.864074
0.756005
0.852456
0.685234
0.623839
0.787487
0.861976
0.863876
0.903042
0.79906
0.922723
0.71792
0.607298
0.698497
0.920871
0.537462
0.742353
0.815022
0.764711
0.828415
0.809769
0.6402
0.865699
0.794364
0.851062
0.872599
0.657238
0.801882
0.895484
0.609806
0.698252
0.892453
0.74886
0.852179
0.797063
0.808758
0.658555
0.650535
0.709729
0.668402
0.574118
0.759938
0.516169
0.873151
0.888709
0.798301
0.523463
0.767334
0.900235
0.535694
0.829276
0.68528
0.682098
0.879794
0.695491
0.780955
0.829245
0.542759
0.781196
0.929047
0.922995
0.645589
0.705296
0.869387
0.732767
0.836059
0.931863
0.715553
0.588573
0.924206
0.89302
0.815035
0.686021
0.746733
0.805845
0.681402
0.53293
0.846403
0.682329
0.577397
0.915898
0.621688
0.864231
0.582369
0.727817
0.679505
0.571857
0.833503
0.688937
0.674344
0.736375
0.6626
0.479033
0.601482
0.610909
0.670774
0.630681
0.671973
0.897372
0.824981
0.741821
0.679011
0.835014
0.727343
0.933499
0.873153
0.607303
0.61609
0.645845
0.428794
0.925173
0.745662
0.862086
0.517349
0.466236
0.598777
0.556675
0.863583
0.805568
0.811446
0.576112
0.679502
0.707089
