0.282521
0.277392
0.263344
0.255619
0.258802
0.273597
0.256994
0.275442
0.289281
0.288811
0.289638
0.286176
0.274896
0.271876
0.252942
0.239648
0.287385
0.298287
0.299761
0.296906
0.278673
0.286663
0.272251
0.28642
0.28147
0.285729
0.295371
0.299854
0.307009
0.27738
0.28215
0.280971
0.26702
0.259041
0.292839
0.291975
0.319178
0.287155
0.310772
0.309096
0.299351
0.300869
0.272732
0.317305
0.312373
0.328821
0.311438
0.274028
0.317971
0.311156
0.299002
0.308705
0.317024
0.321812
0.328597
0.330366
0.325325
0.265911
0.30253
0.285366
0.313651
0.33203
0.340754
0.337296
0.337843
0.338083
0.333553
0.325641
0.333524
0.346054
0.315748
0.349898
0.357423
0.351776
0.316305
0.318864
0.330967
0.277638
0.3197
0.343549
0.350832
0.363435
0.349807
0.348955
0.330989
0.36005
0.35924
0.365257
0.361204
0.323176
0.365489
0.359083
0.344412
0.353472
0.361438
0.373518
0.332079
0.350663
0.3734
0.354688
0.36121
0.376472
0.339495
0.332132
0.385833
0.379495
0.35801
0.354815
0.357757
0.375124
0.394472
0.391207
0.376203
0.387318
0.36769
0.39241
0.401279
0.330853
0.404373
0.399087
0.396359
0.404918
0.414448
0.390466
0.382763
0.394872
0.414714
0.414104
0.377154
0.395063
0.409349
0.433956
0.376497
0.450601
0.428033
0.438634
0.421738
0.41336
0.379429
0.433406
0.400595
0.446381
0.379164
0.441594
0.438264
0.403243
0.463542
0.527438
0.409319
0.482653
0.412203
0.316746
0.483173
0.427669
0.361837
0.458625
0.371058
0.426229
0.478966
0.403504
0.470892
0.450085
0.424138
0.423741
0.442827
0.501144
0.561111
0.50993
0.495875
0.530877
0.437741
0.472408
0.577125
0.565311
0.503615
0.544362
0.574592
0.566362
0.500514
0.520743
0.616148
0.45192
0.634868
0.563135
0.506785
0.579626
0.580387
0.614541
0.520859
0.596632
0.581472
0.609892
0.649689
0.620903
0.683682
0.654979
0.687493
0.596956
0.733514
0.688913
0.718423
0.593787
0.66298
0.732114
0.776186
0.719128
0.711766
0.868459
0.699271
0.751724
0.779548
0.843623
0.755339
0.724776
0.881228
0.78366
0.837147
0.712242
0.770209
0.872143
0.723225
0.780829
0.842714
0.821417
0.830113
0.813453
0.84916
0.837117
0.816065
0.835254
0.816831
0.814047
0.882746
0.772073
0.733313
0.669382
0.614361
0.788259
0.790578
0.741166
0.805029
0.763688
0.634879
0.813504
0.719089
0.754932
0.753659
0.768229
0.625462
0.588083
0.695607
0.705631
0.68979
0.73934
0.749233
0.668052
0.692743
0.821784
0.728722
0.819202
0.69376
0.547095
0.823893
0.599782
0.668396
0.63838
0.900766
0.778602
0.811441
0.832147
0.71306
0.761643
0.775474
0.795168
0.8007
0.712239
0.876445
0.713988
0.779977
0.700612
0.877891
0.716946
0.920591
0.738416
0.85162
0.645145
0.651618
0.796236
0.861976
0.706657
0.878945
0.793444
0.912337
0.456869
0.613607
0.936797
0.917531
0.51304
0.548873
0.835543
0.868201
0.85336
0.724045
0.71687
0.844966
0.760073
0.93093
0.863097
0.886546
0.81508
0.79263
0.558137
0.701202
0.562367
0.704911
0.835018
0.70677
0.679612
0.894999
0.785251
0.798878
0.508211
0.885727
0.567799
0.724435
0.77129
0.705314
0.632534
0.757569
0.882198
0.589361
0.817372
0.885156
0.448187
0.501613
0.733373
0.875943
0.857609
0.676383
0.902337
0.919052
0.745685
0.544922
0.680056
0.697907
0.902543
0.743989
0.882358
0.901847
0.931001
0.589835
0.542311
0.861716
0.738248
0.621016
0.783909
0.817423
0.678706
0.739681
0.845584
0.861738
0.891873
0.791178
0.600935
0.780455
0.894023
0.698738
0.721246
0.520418
0.673482
0.739593
0.67714
0.530829
0.600824
0.79941
0.574201
0.530014
0.807482
0.638804
0.899958
0.769842
0.831906
0.690073
0.833967
0.81453
0.743134
0.741038
0.631275
0.599896
0.865691
0.44999
0.725051
0.426044
0.651579
0.832403
0.480149
0.47663
0.724267
0.917332
0.741084
0.706043
0.56715
0.639903
0.646917
