0.693351
0.705637
0.770079
0.691905
0.830704
0.804878
0.744572
0.762284
0.882518
0.814294
0.841407
0.778675
0.888332
0.829733
0.814218
0.868559
0.799947
0.834246
0.761824
0.849317
0.797301
0.845963
0.796736
0.87677
0.921289
0.830607
0.750315
0.729692
0.68876
0.615074
0.742751
0.790531
0.783741
0.80508
0.807921
0.618769
0.813504
0.714536
0.764804
0.720256
0.788265
0.65128
0.55007
0.691558
0.687727
0.715874
0.729527
0.77433
0.667116
0.732027
0.841959
0.75825
0.806863
0.692732
0.629627
0.796436
0.637228
0.670479
0.708644
0.662464
0.680277
0.827873
0.761103
0.817997
0.808396
0.796003
0.911858
0.786295
0.817863
0.722858
0.877014
0.715806
0.663484
0.700537
0.878579
0.76386
0.933911
0.724486
0.857076
0.78829
0.863723
0.75111
0.903901
0.778076
0.767019
0.807393
0.769086
0.77719
0.610074
0.602492
0.705107
0.646179
0.745109
0.929004
0.933419
0.820082
0.645613
0.874886
0.87682
0.842561
0.916663
0.802003
0.636066
0.739791
0.925926
0.814096
0.909663
0.52548
0.699298
0.906748
0.653307
0.782222
0.674276
0.76414
0.827838
0.647887
0.668559
0.754337
0.842888
0.906447
0.655012
0.883638
0.710284
0.570468
0.815912
0.478118
0.821236
0.893326
0.890194
0.76732
0.881561
0.581289
0.868839
0.693681
0.744709
0.678512
0.923151
0.68325
0.547497
0.779534
0.913916
0.592252
0.878399
0.730451
0.881926
0.815412
0.506749
0.81974
0.80543
0.813122
0.6648
0.683247
0.866669
0.57404
0.921843
0.850858
0.886664
0.855876
0.538959
0.869965
0.900607
0.801762
0.609844
0.709236
0.551992
0.687312
0.600272
0.695813
0.413419
0.714108
0.473977
0.873204
0.736568
0.82744
0.609752
0.606791
0.864997
0.760846
0.842115
0.813802
0.89756
0.868634
0.855843
0.393658
0.868554
0.766349
0.849242
0.603302
0.7545
0.685775
0.626201
0.724068
0.481159
0.915684
0.666623
0.916051
0.466345
0.522301
0.629894
0.76459
0.784878
0.88943
0.72318
0.751107
0.6513
