0.336094
0.32567
0.324021
0.283153
0.302777
0.316504
0.286385
0.336964
0.347476
0.299866
0.334056
0.312868
0.329063
0.331296
0.316809
0.336915
0.347649
0.351967
0.309189
0.337086
0.346023
0.343261
0.345224
0.3535
0.334787
0.359785
0.318702
0.353572
0.305886
0.352088
0.353547
0.352582
0.346859
0.356862
0.339043
0.352287
0.34548
0.322876
0.309665
0.369338
0.358183
0.368773
0.369771
0.366233
0.340358
0.370168
0.37312
0.337768
0.349261
0.394885
0.340259
0.34682
0.341828
0.328139
0.394738
0.429626
0.367779
0.395047
0.377757
0.36923
0.395458
0.338309
0.377621
0.392934
0.39959
0.423997
0.40297
0.389777
0.431953
0.396114
0.328456
0.393541
0.415287
0.420229
0.412901
0.368292
0.411954
0.380993
0.407358
0.446011
0.420924
0.41732
0.358643
0.427163
0.36656
0.447025
0.356852
0.435568
0.430822
0.474912
0.402249
0.46109
0.433017
0.446419
0.435245
0.525755
0.399807
0.467642
0.479779
0.507193
0.46812
0.440838
0.444602
0.431459
0.463199
0.489244
0.437656
0.447151
0.425397
0.501472
0.51433
0.40915
0.57696
0.426724
0.530653
0.510786
0.512452
0.499107
0.583795
0.504902
0.519651
0.552396
0.507208
0.502301
0.551774
0.608212
0.638393
0.642892
0.571735
0.566565
0.563492
0.524136
0.598359
0.609019
0.622079
0.607338
0.62375
0.629583
0.65626
0.708728
0.687931
0.568165
0.631128
0.783067
0.711745
0.706718
0.639854
0.645373
0.775398
0.748514
0.709753
0.703484
0.674089
0.81883
0.838658
0.748919
0.744334
0.772759
0.7921
0.829075
0.703273
0.865597
0.798122
0.848116
0.828862
0.821238
0.830145
0.808022
0.849163
0.803052
0.843975
0.839742
0.868378
0.929849
0.834698
0.747107
0.76365
0.632492
0.670637
0.807123
0.774183
0.788589
0.80473
0.772968
0.589223
0.752278
0.714403
0.751365
0.73435
0.800592
0.644599
0.587343
0.715636
0.706844
0.751754
0.74065
0.749009
0.652967
0.710292
0.839044
0.687794
0.789429
0.699028
0.536483
0.815045
0.631737
0.671581
0.640792
0.896121
0.780918
0.803215
0.808201
0.715361
0.75524
0.783524
0.791477
0.770696
0.668297
0.876489
0.713125
0.786738
0.704093
0.882295
0.709458
0.931591
0.557049
0.859093
0.793472
0.80368
0.753649
0.915139
0.784206
0.762652
0.803423
0.872658
0.387562
0.607036
0.636679
0.905869
0.686221
0.904851
0.81443
0.822445
0.734842
0.76602
0.656598
0.793469
0.745276
0.677673
0.858651
0.802001
0.683464
0.650956
0.868318
0.617293
0.851692
0.729356
0.750431
0.856541
0.799131
0.679815
0.76186
0.876811
0.534234
0.706756
0.731623
0.696858
0.602143
0.722055
0.775343
0.664781
0.780165
0.904427
0.467383
0.915409
0.671793
0.759429
0.469247
0.741708
0.879166
0.694157
0.798318
0.774345
0.522505
0.729404
0.928705
0.594306
0.817072
0.719992
0.882407
0.5148
0.660902
0.75429
0.723443
0.590316
0.9284
0.661061
0.816437
0.68094
0.798405
0.854366
0.845747
0.638122
0.891555
0.66777
0.7968
0.659521
0.777835
0.562503
0.855005
0.780109
0.472918
0.574906
0.661677
0.613496
0.700192
0.776697
0.671866
0.620324
0.929669
0.845945
0.882413
0.675477
0.648578
0.896764
0.738471
0.735191
0.768248
0.61165
0.620843
0.516374
0.536337
0.615036
0.686775
0.862944
0.520303
0.525682
0.724582
0.897443
0.593049
0.682971
