0.439268
0.447067
0.458329
0.398739
0.406059
0.466205
0.404466
0.50007
0.420289
0.475159
0.433991
0.487637
0.406679
0.482321
0.453132
0.486149
0.456923
0.473648
0.371375
0.471769
0.460642
0.483233
0.488795
0.440159
0.485288
0.395244
0.499213
0.470683
0.496492
0.465954
0.577033
0.508272
0.50157
0.500001
0.523279
0.482083
0.539684
0.499949
0.548972
0.420572
0.500448
0.519918
0.583657
0.530429
0.464652
0.586246
0.596375
0.578443
0.64335
0.567377
0.599349
0.580362
0.523651
0.590692
0.669204
0.653666
0.7495
0.704497
0.660684
0.752668
0.699086
0.679963
0.685928
0.669305
0.713446
0.715039
0.751291
0.716713
0.700601
0.670648
0.733174
0.646705
0.780287
0.842477
0.818572
0.721911
0.881902
0.792031
0.778234
0.778579
0.877888
0.710445
0.82325
0.87606
0.810937
0.873797
0.812906
0.849295
0.822893
0.845999
0.837635
0.876802
0.777233
0.904888
0.745252
0.747356
0.634853
0.681744
0.811735
0.776821
0.745106
0.805068
0.855309
0.599444
0.749614
0.704137
0.726677
0.762673
0.770193
0.670113
0.68438
0.695639
0.754647
0.731506
0.726408
0.74738
0.65284
0.735638
0.821024
0.759739
0.791609
0.692732
0.643927
0.803624
0.612138
0.668978
0.71019
0.589767
0.677539
0.860394
0.746375
0.808504
0.806376
0.777614
0.912442
0.7929
0.804138
0.719578
0.862873
0.715728
0.778001
0.404834
0.822138
0.849251
0.887711
0.919473
0.790813
0.697933
0.639421
0.790157
0.857452
0.730388
0.895021
0.805233
0.909971
0.391849
0.587221
0.710129
0.909377
0.932048
0.920287
0.881615
0.617062
0.855261
0.865866
0.847612
0.68255
0.767481
0.720509
0.843619
0.930854
0.881895
0.807038
0.536335
0.793203
0.644334
0.758208
0.739102
0.758353
0.90069
0.680559
0.849062
0.73479
0.803296
0.539694
0.901193
0.881268
0.758003
0.708458
0.612973
0.808762
0.559333
0.794142
0.876208
0.874628
0.475848
0.699697
0.708949
0.696697
0.416341
0.774396
0.730925
0.775949
0.77265
0.855109
0.510716
0.64952
0.84231
0.929257
0.649588
0.918358
0.765833
0.820665
0.887949
0.596331
0.486154
0.333715
0.759854
0.8433
0.710506
0.723426
0.870181
0.661288
0.622553
0.889243
0.684297
0.871451
0.619639
0.862137
0.43602
0.847463
0.854872
0.748463
0.642902
0.549601
0.549355
0.781588
0.649797
0.780361
0.470065
0.79759
0.693822
0.529667
0.621517
0.810975
0.864145
0.748596
0.856574
0.823061
0.701301
0.919964
0.727382
0.460476
0.767937
0.647483
0.683269
0.774153
0.621091
0.729101
0.411059
0.655595
0.844397
0.546665
0.534069
0.802015
0.793529
0.793415
0.799476
0.503503
0.714474
