0.807436
0.849428
0.79665
0.779614
0.813701
0.876086
0.930321
0.833007
0.785646
0.727153
0.663733
0.661633
0.740191
0.745145
0.777273
0.80479
0.765948
0.617451
0.8155
0.699629
0.753675
0.726902
0.716299
0.741679
0.538859
0.740888
0.681781
0.751619
0.736521
0.749407
0.680731
0.736917
0.837058
0.769633
0.822022
0.692732
0.626271
0.821542
0.612043
0.676555
0.639582
0.5888
0.68434
0.860088
0.729908
0.808132
0.810289
0.762576
0.923243
0.929842
0.802584
0.823318
0.800978
0.894836
0.926827
0.526155
0.821196
0.85293
0.933416
0.732278
0.846003
0.661013
0.63433
0.793263
0.919731
0.775112
0.847696
0.820916
0.869763
0.58374
0.458282
0.718809
0.93737
0.793561
0.931005
0.735351
0.851734
0.77109
0.815997
0.779044
0.94135
0.728089
0.745276
0.87153
0.925796
0.870669
0.852528
0.878346
0.785823
0.591664
0.608123
0.628473
0.734902
0.838961
0.739562
0.851802
0.661557
0.863422
0.90785
0.697623
0.694822
0.880931
0.8764
0.731496
0.711397
0.634177
0.681786
0.699596
0.68746
0.826499
0.832383
0.860672
0.45786
0.917783
0.554417
0.846652
0.866377
0.479364
0.521595
0.74918
0.906192
0.638234
0.85604
0.682132
0.586316
0.814118
0.911833
0.658024
0.915889
0.918218
0.722124
0.794915
0.858982
0.615462
0.492872
0.931941
0.721512
0.724205
0.664398
0.826504
0.661426
0.787869
0.843981
0.600108
0.543142
0.823123
0.683469
0.780907
0.855479
0.796445
0.638624
0.631953
0.74184
0.896214
0.571317
0.712056
0.519129
0.675299
0.680933
0.666078
0.524105
0.671294
0.60136
0.866736
0.691329
0.652862
0.920787
0.539223
0.734565
0.825609
0.911562
0.6251
0.796145
0.390029
0.776835
0.649033
0.621246
0.724365
0.794991
0.690762
0.742695
0.670563
0.662896
0.463066
0.58458
0.935204
0.686748
0.879447
0.648701
0.588073
