0.351346
0.343785
0.353855
0.352853
0.320794
0.360726
0.341144
0.371926
0.315456
0.37046
0.376077
0.27665
0.368132
0.385397
0.374088
0.376277
0.382607
0.339879
0.36441
0.377783
0.373208
0.40077
0.40554
0.384135
0.400352
0.35413
0.393685
0.386047
0.386124
0.40019
0.362651
0.390711
0.390948
0.417853
0.400561
0.39585
0.425696
0.381372
0.413563
0.40376
0.368918
0.391735
0.365418
0.426435
0.404803
0.377886
0.416094
0.4499
0.411784
0.449938
0.42766
0.437104
0.388908
0.460334
0.430507
0.439049
0.407607
0.475974
0.404352
0.43631
0.431178
0.374914
0.483997
0.408484
0.483193
0.370142
0.516624
0.465357
0.479795
0.519836
0.45662
0.495878
0.403914
0.424192
0.464962
0.500562
0.426673
0.49278
0.491233
0.520158
0.499513
0.488986
0.494357
0.509656
0.576657
0.53496
0.526083
0.549345
0.567293
0.392197
0.520743
0.578872
0.438563
0.636104
0.643976
0.602123
0.566613
0.648391
0.594739
0.609818
0.574339
0.552801
0.652692
0.710774
0.711941
0.661439
0.558577
0.627531
0.772383
0.699257
0.674336
0.643133
0.713941
0.708825
0.746144
0.719114
0.777205
0.646649
0.778454
0.774512
0.77741
0.745713
0.714334
0.690766
0.732161
0.722622
0.800184
0.855507
0.830497
0.843081
0.878036
0.810878
0.872678
0.80276
0.848423
0.804463
0.851131
0.766704
0.820522
0.795634
0.835704
0.762482
0.746193
0.638883
0.614361
0.815392
0.727381
0.776276
0.804567
0.772454
0.63475
0.806367
0.691346
0.676657
0.736249
0.751559
0.740426
0.565376
0.7034
0.697063
0.715822
0.740521
0.776843
0.667195
0.724514
0.738894
0.757427
0.81418
0.695166
0.661216
0.778652
0.574219
0.672079
0.706871
0.662102
0.687923
0.836954
0.729585
0.839658
0.808788
0.753163
0.878283
0.796711
0.824812
0.719632
0.865819
0.737695
0.785854
0.700965
0.879677
0.748709
0.931283
0.588731
0.854264
0.794357
0.869835
0.780352
0.864608
0.884772
0.855894
0.782272
0.893784
0.782017
0.415836
0.599009
0.707553
0.918059
0.681526
0.616713
0.798057
0.8462
0.863972
0.882821
0.869797
0.618452
0.764108
0.736016
0.870738
0.92581
0.830963
0.841605
0.780422
0.700289
0.497797
0.867
0.641456
0.637875
0.811534
0.657684
0.724398
0.757282
0.806782
0.589928
0.806147
0.689433
0.713553
0.788
0.7909
0.885948
0.726081
0.627003
0.593179
0.818911
0.873417
0.450676
0.476662
0.753755
0.87365
0.92356
0.654466
0.779718
0.830388
0.541588
0.848501
0.390779
0.465949
0.874425
0.919081
0.885878
0.881122
0.564028
0.476463
0.912203
0.742157
0.813269
0.725615
0.745353
0.817201
0.657622
0.7926
0.736948
0.561472
0.855605
0.636975
0.880353
0.799965
0.805135
0.924285
0.671989
0.766209
0.844634
0.688721
0.71132
0.561291
0.765485
0.495335
0.67132
0.453654
0.895599
0.686779
0.465857
0.918142
0.742131
0.823487
0.840249
0.498582
0.903176
0.644962
0.700949
0.645033
0.742898
0.732785
0.911105
0.749195
0.672255
0.770867
0.809202
0.513321
0.714958
0.524208
0.658918
0.73724
0.659523
0.520304
0.674014
0.930837
0.859978
0.794945
0.579978
0.57354
