0.59724
0.670597
0.643601
0.737347
0.656734
0.72248
0.700961
0.703017
0.724407
0.779701
0.843532
0.802835
0.734837
0.826978
0.782488
0.83353
0.696899
0.799668
0.778681
0.7875
0.886038
0.771038
0.83116
0.816082
0.847834
0.788221
0.861756
0.682791
0.835777
0.822612
0.813494
0.712012
0.728977
0.660811
0.709738
0.795746
0.787915
0.788191
0.816675
0.831606
0.599221
0.750015
0.712794
0.692568
0.766235
0.743698
0.652658
0.54468
0.687992
0.722582
0.745727
0.71264
0.750721
0.652852
0.703789
0.840342
0.664306
0.7868
0.692703
0.578435
0.827598
0.595195
0.682703
0.63947
0.695155
0.761447
0.81084
0.832908
0.706502
0.762461
0.807809
0.783569
0.824651
0.66377
0.870675
0.715607
0.756127
0.705093
0.878711
0.658029
0.931704
0.73822
0.851362
0.692204
0.651522
0.790656
0.91303
0.771027
0.843663
0.806163
0.876487
0.473229
0.419719
0.640833
0.509741
0.685349
0.775853
0.809977
0.767187
0.84323
0.729084
0.917665
0.811398
0.833334
0.653473
0.852378
0.800473
0.593791
0.702965
0.619533
0.638252
0.630998
0.72229
0.866292
0.71108
0.82324
0.734636
0.892034
0.578453
0.796097
0.709543
0.546999
0.780877
0.819232
0.790695
0.674448
0.823567
0.577941
0.561343
0.877023
0.759947
0.694519
0.866293
0.698133
0.849787
0.636144
0.769171
0.662012
0.925393
0.714043
0.769373
0.621035
0.671153
0.898386
0.487162
0.869017
0.777426
0.558966
0.622598
0.862395
0.66964
0.77476
0.889194
0.886204
0.624753
0.459491
0.807747
0.613432
0.846175
0.62386
0.782082
0.740823
0.817617
0.622712
0.724027
0.744377
0.733695
0.5669
0.589413
0.577964
0.918926
0.675264
0.631279
0.587403
0.668143
0.762339
0.824561
0.864601
0.498215
0.542929
0.755957
0.747839
0.73658
0.762883
0.926355
0.717224
0.60361
0.565118
0.687472
0.73374
0.383584
0.666285
0.751145
0.820805
0.4294
0.679959
0.663447
0.73972
0.678117
0.592196
