0.519575
0.478488
0.632777
0.454435
0.578431
0.6078
0.56677
0.645249
0.606801
0.610785
0.517525
0.627738
0.685969
0.79226
0.600552
0.603871
0.787115
0.684755
0.680094
0.605372
0.668918
0.730876
0.698716
0.693102
0.700599
0.707904
0.633612
0.830801
0.801672
0.839995
0.775102
0.884206
0.789687
0.837147
0.680422
0.800146
0.812978
0.745401
0.842506
0.821308
0.873129
0.798087
0.849163
0.842802
0.822191
0.820414
0.831049
0.813321
0.867028
0.802839
0.724348
0.64138
0.710061
0.743975
0.747515
0.789363
0.813692
0.835051
0.719695
0.809432
0.707572
0.700792
0.76591
0.744795
0.733075
0.58751
0.716638
0.733448
0.744492
0.725741
0.752056
0.720723
0.721802
0.821228
0.756538
0.793313
0.692732
0.668784
0.821498
0.599782
0.671139
0.639667
0.686932
0.775953
0.802455
0.828389
0.730357
0.75636
0.776586
0.791574
0.811057
0.724727
0.86171
0.67035
0.787048
0.859925
0.813912
0.776316
0.864074
0.745404
0.855596
0.679085
0.652995
0.788688
0.904273
0.806961
0.780798
0.788716
0.887545
0.668024
0.718983
0.769155
0.513103
0.696751
0.820059
0.826903
0.872247
0.778341
0.850046
0.917313
0.797165
0.746112
0.871736
0.930867
0.83547
0.853009
0.778788
0.802637
0.901277
0.735233
0.556588
0.734453
0.840551
0.706182
0.667095
0.767422
0.722751
0.794266
0.541169
0.841662
0.711595
0.661861
0.722979
0.468786
0.794708
0.7122
0.490375
0.91722
0.531732
0.883855
0.419563
0.802982
0.880945
0.704015
0.904549
0.700352
0.533825
0.918588
0.621749
0.699073
0.530935
0.693491
0.913642
0.875659
0.500385
0.794328
0.894355
0.809864
0.667966
0.721628
0.818209
0.667915
0.775976
0.790035
0.724774
0.553734
0.699096
0.759812
0.546453
0.836534
0.79746
0.904045
0.602163
0.697747
0.6784
0.522715
0.651316
0.680326
0.746954
0.53197
0.599688
0.675779
0.865153
0.72977
0.821717
0.675821
0.899158
0.798977
0.857602
0.690924
0.833982
0.922058
0.723726
0.572684
0.64054
0.603407
0.688823
0.61683
0.786493
0.431554
0.669637
0.747634
0.879214
0.509037
0.553043
0.923117
0.353914
0.604804
0.604478
