0.820335
0.820423
0.793846
0.821463
0.889736
0.667095
0.693028
0.808335
0.761716
0.813688
0.694622
0.606365
0.825717
0.601981
0.651186
0.682762
0.664507
0.829582
0.819286
0.72987
0.795469
0.79966
0.7796
0.916514
0.797622
0.817375
0.671453
0.862399
0.715806
0.786779
0.701337
0.87494
0.681712
0.933839
0.730773
0.855092
0.625799
0.709184
0.786151
0.85871
0.696954
0.904348
0.667351
0.902076
0.778794
0.451705
0.527483
0.622334
0.916941
0.746621
0.747962
0.811587
0.753461
0.808532
0.797697
0.770195
0.745544
0.846189
0.878319
0.849348
0.806494
0.867105
0.634691
0.494671
0.897123
0.728995
0.780302
0.908894
0.658842
0.666951
0.743666
0.868198
0.907938
0.661042
0.848161
0.607193
0.713741
0.772226
0.649791
0.921335
0.902154
0.7242
0.903699
0.562188
0.844363
0.414523
0.598277
0.917177
0.652821
0.576715
0.678665
0.56913
0.809339
0.922985
0.778803
0.782673
0.832938
0.855784
0.828979
0.597136
0.751213
0.798452
0.695053
0.592931
0.816868
0.665766
0.773075
0.663473
0.623224
0.916249
0.620066
0.891696
0.545997
0.812706
0.608644
0.617507
0.74564
0.816596
0.539493
0.485839
0.495523
0.861766
0.645497
0.823767
0.712328
0.761589
0.436154
0.78458
0.733951
0.714217
0.671604
0.8591
0.85397
0.723141
0.693136
0.646899
0.826136
0.748484
0.884136
0.767556
0.662332
0.688795
0.558649
0.688841
0.431942
0.662044
0.697513
0.883506
0.544455
0.702601
0.923491
0.668857
0.879124
0.723301
0.605272
