0.784669
0.863335
0.855054
0.914347
0.820978
0.836513
0.864636
0.822032
0.85276
0.79318
0.821375
0.905275
0.65284
0.730907
0.641948
0.757984
0.781455
0.695516
0.650332
0.697751
0.599782
0.676555
0.640858
0.491474
0.67198
0.858017
0.761212
0.830487
0.724941
0.774079
0.916507
0.93061
0.751924
0.788573
0.847824
0.802046
0.913038
0.700644
0.894044
0.660659
0.923519
0.913416
0.707916
0.695858
0.645302
0.795256
0.914208
0.784061
0.859585
0.812901
0.893822
0.674805
0.836537
0.904404
0.537467
0.86938
0.63043
0.578289
0.820374
0.808265
0.915865
0.868392
0.745901
0.870635
0.913851
0.876029
0.803981
0.864793
0.79087
0.895249
0.539283
0.722161
0.884017
0.665965
0.663235
0.765791
0.785261
0.809329
0.584444
0.591179
0.64428
0.669461
0.719133
0.778034
0.669308
0.781757
0.869143
0.459855
0.900449
0.527692
0.861683
0.414278
0.800444
0.727861
0.876733
0.680884
0.874676
0.917871
0.59385
0.644242
0.831453
0.904826
0.637139
0.8956
0.758789
0.892036
0.896521
0.899492
0.495248
0.893034
0.769868
0.781133
0.66588
0.714692
0.773087
0.584568
0.695986
0.711824
0.602184
0.88627
0.619639
0.904267
0.804386
0.657991
0.801014
0.610015
0.611336
0.657092
0.669594
0.708271
0.673084
0.527934
0.585865
0.536119
0.517019
0.473182
0.818758
0.577265
0.615361
0.852985
0.90103
0.796639
0.757595
0.648337
0.860124
0.712073
0.856237
0.622536
0.747673
0.747125
0.591785
0.687025
0.439765
0.712644
0.738017
0.916722
0.726753
0.814279
0.789452
0.725554
0.756625
0.569655
