0.413887
0.395699
0.404559
0.42198
0.430985
0.421536
0.417639
0.421936
0.441646
0.420692
0.457229
0.432383
0.439378
0.353782
0.398823
0.437728
0.417116
0.431841
0.401057
0.433205
0.489318
0.431524
0.451209
0.429135
0.520259
0.45436
0.475651
0.39013
0.499946
0.448199
0.429181
0.467499
0.393175
0.464979
0.438211
0.495659
0.47881
0.473784
0.603524
0.491714
0.423186
0.533731
0.504977
0.512713
0.524787
0.539064
0.457606
0.516216
0.568769
0.468296
0.547723
0.556856
0.601622
0.600178
0.582823
0.566548
0.471175
0.46999
0.600468
0.610154
0.612453
0.591753
0.629853
0.699889
0.526892
0.794045
0.628249
0.617589
0.78254
0.66756
0.574366
0.710385
0.790184
0.696814
0.70191
0.705048
0.763491
0.678708
0.779574
0.831217
0.801372
0.819881
0.834597
0.779824
0.838456
0.71531
0.794233
0.81979
0.786169
0.842621
0.80223
0.873339
0.792882
0.729343
0.851007
0.797675
0.802016
0.874452
0.796381
0.81364
0.788311
0.766102
0.672344
0.596274
0.741067
0.784419
0.778757
0.810358
0.834385
0.614017
0.812641
0.708726
0.69816
0.736192
0.802681
0.743609
0.597008
0.741183
0.72263
0.742465
0.738924
0.751093
0.70219
0.704849
0.704206
0.770098
0.813894
0.692732
0.672162
0.815973
0.633897
0.677349
0.647334
0.620801
0.680791
0.867154
0.752098
0.810866
0.80746
0.77611
0.916356
0.787328
0.824335
0.726754
0.861304
0.715742
0.77531
0.700528
0.878016
0.74838
0.864074
0.593185
0.854622
0.613759
0.640111
0.793531
0.863027
0.881313
0.859873
0.814601
0.88206
0.718345
0.476596
0.707523
0.91616
0.515332
0.709891
0.835302
0.871815
0.778277
0.672226
0.793491
0.854561
0.801306
0.932552
0.803369
0.689875
0.621269
0.549498
0.637821
0.625519
0.622645
0.918143
0.72685
0.654856
0.82324
0.825284
0.809948
0.701795
0.923533
0.909792
0.909141
0.882997
0.768526
0.715651
0.645405
0.672857
0.71355
0.823366
0.659651
0.932496
0.896655
0.477608
0.710352
0.869156
0.702078
0.883562
0.88063
0.456417
0.534345
0.734493
0.878457
0.614147
0.851241
0.698891
0.650309
0.927887
0.381335
0.452461
0.874334
0.919687
0.859773
0.88117
0.840472
0.477148
0.831693
0.77742
0.684953
0.812153
0.807044
0.818951
0.792735
0.790005
0.693597
0.521566
0.544266
0.794298
0.859156
0.76938
0.843283
0.690066
0.830455
0.624291
0.768656
0.527911
0.671378
0.676804
0.850695
0.665058
0.691069
0.461177
0.848554
0.615262
0.90001
0.823059
0.805519
0.648763
0.693732
0.528535
0.856429
0.921175
0.728306
0.71081
0.617855
0.603304
0.852689
0.601297
0.689167
0.784117
0.430905
0.697188
0.893778
0.544998
0.57838
0.767579
0.828848
0.515702
0.496068
