0.58376
0.829874
0.59089
0.680927
0.709158
0.900201
0.771357
0.81112
0.742158
0.714232
0.771793
0.786467
0.793214
0.820142
0.715508
0.872848
0.701997
0.760726
0.700752
0.878384
0.725458
0.923583
0.841943
0.734661
0.627116
0.71595
0.796147
0.926159
0.871887
0.765329
0.821396
0.893928
0.606921
0.728155
0.91788
0.690655
0.622735
0.799067
0.749241
0.813668
0.733648
0.700689
0.854865
0.65387
0.870752
0.875027
0.633925
0.543395
0.897339
0.53916
0.698397
0.907431
0.658298
0.76778
0.750389
0.802798
0.656762
0.663186
0.65843
0.728581
0.802261
0.662342
0.780634
0.922902
0.46181
0.920941
0.648378
0.708597
0.438094
0.858639
0.876451
0.885732
0.647108
0.795825
0.836386
0.680464
0.669904
0.593816
0.795278
0.825126
0.882058
0.931205
0.63686
0.581454
0.911983
0.773365
0.860372
0.616588
0.814368
0.550184
0.629172
0.768373
0.875099
0.560892
0.886217
0.621413
0.85841
0.804346
0.643347
0.811197
0.698602
0.861621
0.594936
0.677823
0.686488
0.66205
0.469004
0.680291
0.596903
0.846982
0.729863
0.63664
0.923373
0.660098
0.761925
0.698897
0.644262
0.706984
0.738089
0.741537
0.60511
0.578429
0.725623
0.75637
0.699385
0.915121
0.401694
0.924489
0.712777
0.866872
0.55431
0.558297
0.653926
0.923739
0.377817
0.674264
0.669606
