0.320594
0.381339
0.382309
0.411656
0.446511
0.410602
0.425596
0.405675
0.433515
0.375344
0.389237
0.41652
0.437141
0.410551
0.403149
0.398627
0.457613
0.346139
0.421642
0.431379
0.455905
0.397018
0.53353
0.403793
0.45639
0.435994
0.407292
0.419672
0.413739
0.513357
0.443557
0.471407
0.501706
0.440129
0.439342
0.484617
0.443584
0.459906
0.50834
0.432016
0.440257
0.576559
0.385404
0.491823
0.523959
0.520822
0.490761
0.524509
0.544142
0.469973
0.415713
0.446599
0.595848
0.486155
0.638908
0.616523
0.563222
0.61685
0.644284
0.560715
0.594518
0.608795
0.570771
0.631188
0.5873
0.583953
0.719714
0.64848
0.590895
0.762656
0.752874
0.688497
0.660232
0.64801
0.785049
0.805353
0.693031
0.714425
0.748977
0.780146
0.840276
0.744055
0.731378
0.794925
0.848598
0.78024
0.830108
0.672831
0.790225
0.702516
0.845441
0.867049
0.811521
0.760463
0.802072
0.768416
0.8535
0.860573
0.827679
0.787618
0.829641
0.834044
0.830772
0.76172
0.729774
0.659128
0.602606
0.803097
0.783797
0.745129
0.804882
0.759593
0.616403
0.815017
0.712315
0.755503
0.719271
0.800746
0.725016
0.587381
0.734731
0.718161
0.716994
0.693637
0.74774
0.681181
0.72881
0.835412
0.759806
0.792311
0.695166
0.668784
0.827598
0.635384
0.67098
0.696871
0.719527
0.77492
0.805458
0.831361
0.731163
0.769398
0.806642
0.78691
0.768068
0.702595
0.864748
0.700382
0.691671
0.7044
0.878513
0.722955
0.92642
0.764573
0.858628
0.677678
0.627776
0.794512
0.905491
0.784026
0.863107
0.803577
0.887781
0.48321
0.640105
0.839581
0.910172
0.64726
0.732602
0.810463
0.631573
0.831111
0.737762
0.915457
0.801926
0.836405
0.809146
0.930996
0.925437
0.920227
0.777724
0.828377
0.601685
0.776288
0.539
0.677435
0.893332
0.728139
0.872256
0.842616
0.809266
0.692624
0.838867
0.676214
0.741691
0.849893
0.895208
0.921654
0.477417
0.719867
0.888169
0.620318
0.429823
0.533802
0.487079
0.666278
0.817806
0.61241
0.579674
0.468358
0.676918
0.52245
0.71233
0.620043
0.903333
0.745918
0.781962
0.761732
0.815747
0.672282
0.792096
0.776824
0.764714
0.45564
0.705518
0.808234
0.81238
0.727578
0.83407
0.675552
0.7963
0.831725
0.735325
0.529398
0.491138
0.716675
0.716956
0.604331
0.827652
0.547872
0.862845
0.85457
0.819107
0.832509
0.666346
0.747583
0.863714
0.738322
0.729226
0.91522
0.510163
0.603337
0.855431
0.581014
0.841208
0.427094
0.650926
0.793098
0.464353
0.678158
0.738396
0.588034
0.575427
0.653754
0.562841
