0.630504
0.784096
0.829542
0.72915
0.697287
0.822176
0.805052
0.932938
0.797755
0.778568
0.803045
0.572057
0.731205
0.532999
0.774327
0.921304
0.698695
0.684805
0.730301
0.863324
0.913899
0.816386
0.800039
0.906771
0.878033
0.800322
0.709704
0.686381
0.659689
0.774059
0.548887
0.900236
0.894101
0.639643
0.72242
0.913531
0.580212
0.87327
0.670658
0.669528
0.803591
0.82258
0.531708
0.779302
0.854039
0.923027
0.58335
0.778608
0.917306
0.781655
0.865313
0.888834
0.923462
0.590787
0.494719
0.90447
0.800774
0.761243
0.734806
0.73421
0.862199
0.714974
0.77608
0.717876
0.572577
0.916314
0.620189
0.869997
0.906065
0.796454
0.84411
0.57977
0.543364
0.514108
0.843367
0.704857
0.545416
0.589567
0.463076
0.734085
0.728433
0.634413
0.84728
0.593234
0.761406
0.717575
0.846213
0.848002
0.777482
0.858179
0.727721
0.746122
0.56859
0.643598
0.724714
0.824161
0.778298
0.455128
0.683602
0.728334
0.886193
0.467664
0.512071
0.730557
0.600859
0.757927
0.810063
0.655439
