0.258225
0.265004
0.240408
0.257417
0.252888
0.2463
0.253102
0.264968
0.279839
0.280426
0.270176
0.271922
0.269236
0.259087
0.260082
0.248207
0.2666
0.265921
0.280164
0.282557
0.281413
0.281597
0.268892
0.25258
0.268345
0.234117
0.2708
0.276804
0.281849
0.283984
0.285721
0.294239
0.290409
0.264676
0.237292
0.258046
0.274935
0.250904
0.280575
0.296178
0.286793
0.294152
0.290001
0.280769
0.283657
0.287053
0.263536
0.283969
0.269529
0.30907
0.289185
0.30329
0.294794
0.27278
0.282264
0.293488
0.282338
0.314347
0.314975
0.298057
0.29656
0.285301
0.299316
0.303087
0.280563
0.292833
0.314087
0.325841
0.326847
0.309813
0.316804
0.309468
0.30422
0.302514
0.286414
0.307637
0.298248
0.326209
0.3208
0.327659
0.314419
0.306435
0.308082
0.32862
0.338979
0.342681
0.33699
0.336622
0.331616
0.322582
0.322869
0.276425
0.344947
0.346872
0.353725
0.331777
0.318312
0.32263
0.343769
0.355056
0.335339
0.322668
0.345518
0.342635
0.27469
0.346201
0.354835
0.356536
0.358018
0.359558
0.367953
0.359087
0.345324
0.325547
0.316759
0.361061
0.357854
0.364924
0.306863
0.367416
0.363929
0.33313
0.313075
0.384034
0.348805
0.351119
0.375914
0.361449
0.32567
0.373939
0.338636
0.37782
0.40823
0.358543
0.356872
0.395579
0.347497
0.373677
0.401458
0.375332
0.409818
0.383407
0.400771
0.411256
0.380836
0.3989
0.430515
0.429591
0.418405
0.370383
0.399281
0.414022
0.394135
0.396691
0.396264
0.441012
0.450296
0.423848
0.38783
0.391695
0.42717
0.408893
0.402965
0.440055
0.420874
0.45711
0.382886
0.440515
0.390961
0.480464
0.392989
0.529111
0.429584
0.473609
0.43417
0.416721
0.454921
0.439833
0.436946
0.467741
0.451766
0.505923
0.440464
0.493354
0.440031
0.443393
0.448748
0.465034
0.426496
0.426958
0.445645
0.332568
0.599572
0.486989
0.515781
0.471009
0.526379
0.465544
0.587177
0.506792
0.515968
0.588684
0.499282
0.498307
0.519095
0.58326
0.635489
0.623545
0.571818
0.625445
0.594995
0.483129
0.598104
0.650856
0.622258
0.527078
0.594738
0.714358
0.792079
0.666458
0.573207
0.761415
0.733819
0.706611
0.57171
0.700037
0.772183
0.718099
0.695746
0.779221
0.698221
0.657289
0.82987
0.784732
0.802915
0.725702
0.831186
0.78857
0.837752
0.670262
0.866871
0.774142
0.821517
0.852059
0.810921
0.874268
0.800641
0.849476
0.816196
0.770936
0.805866
0.877159
0.927375
0.803628
0.725058
0.728684
0.634414
0.728594
0.74417
0.745739
0.786227
0.80287
0.816251
0.634857
0.81531
0.710822
0.756621
0.764388
0.775901
0.70359
0.587416
0.70658
0.710705
0.742465
0.740685
0.752989
0.679214
0.710258
0.841526
0.760228
0.789428
0.695166
0.647839
0.769014
0.636982
0.682186
0.646847
0.828659
0.778602
0.804001
0.82305
0.730512
0.766031
0.806659
0.794816
0.82548
0.687275
0.870369
0.715904
0.78819
0.701612
0.884757
0.707085
0.933046
0.821947
0.811356
0.620685
0.692279
0.791579
0.81437
0.778098
0.850459
0.820757
0.767827
0.735479
0.479526
0.656011
0.838831
0.695344
0.605132
0.860102
0.633375
0.868093
0.869842
0.86915
0.713963
0.859969
0.654156
0.924987
0.840991
0.782811
0.701156
0.907799
0.883936
0.55895
0.724352
0.905285
0.689694
0.84611
0.736723
0.8387
0.913914
0.655718
0.538206
0.703686
0.668187
0.680248
0.821546
0.781345
0.459175
0.74636
0.697227
0.583092
0.857275
0.710487
0.460422
0.747099
0.878424
0.883715
0.677066
0.799208
0.667806
0.589505
0.91874
0.760588
0.915512
0.877312
0.931095
0.844251
0.53587
0.837099
0.751898
0.849769
0.606456
0.671473
0.545043
0.920618
0.830355
0.756758
0.561019
0.54794
0.812951
0.701193
0.822409
0.801892
0.563685
0.546933
0.528737
0.671804
0.846832
0.713426
0.5443
0.600641
0.660129
0.854309
0.701374
0.549475
0.847643
0.727888
0.879364
0.760961
0.871269
0.880137
0.515437
0.64798
0.833637
0.695895
0.411813
0.621907
0.749837
0.59031
0.864503
0.710647
0.864306
0.398652
0.686005
0.869191
0.534654
0.464768
0.546056
0.691903
0.652595
0.785328
0.855803
0.67416
0.803452
