0.777491
0.682455
0.718629
0.840807
0.759716
0.786408
0.695166
0.556158
0.829297
0.560404
0.650104
0.671084
0.684446
0.78339
0.803336
0.834531
0.747063
0.771109
0.804752
0.789265
0.744561
0.723853
0.862236
0.726436
0.787
0.853608
0.878088
0.750444
0.929093
0.826918
0.694977
0.697719
0.653695
0.771745
0.927995
0.783763
0.846823
0.812409
0.872068
0.746351
0.467674
0.648932
0.837609
0.908951
0.645998
0.716614
0.799608
0.7577
0.814786
0.810634
0.648265
0.858484
0.808844
0.774237
0.862723
0.859852
0.77868
0.61619
0.908762
0.617194
0.619588
0.545749
0.708311
0.879092
0.735777
0.901739
0.726867
0.909634
0.776364
0.693893
0.717665
0.601904
0.723483
0.792698
0.599955
0.871252
0.455956
0.74924
0.770537
0.543056
0.883418
0.895592
0.453662
0.496928
0.899063
0.728805
0.897236
0.687565
0.767784
0.829625
0.543154
0.843891
0.922925
0.646594
0.867191
0.656203
0.895116
0.606886
0.913452
0.89366
0.813223
0.656571
0.858011
0.674802
0.728363
0.711996
0.778188
0.656392
0.790378
0.458297
0.81127
0.825681
0.827689
0.865048
0.877794
0.901727
0.584881
0.641487
0.504206
0.707597
0.724391
0.775776
0.74539
0.455665
0.686451
0.604781
0.547458
0.608136
0.899084
0.73605
0.834702
0.707617
0.647765
0.868226
0.858986
0.733143
0.712324
0.623942
0.630754
0.653883
0.808048
0.494681
0.679723
0.612638
0.651579
0.744745
0.885501
0.862572
0.727829
0.7252
0.552714
0.659709
0.758451
