0.797659
0.810569
0.831063
0.795471
0.75395
0.674758
0.599215
0.811477
0.792969
0.769696
0.824896
0.796894
0.690168
0.812428
0.703414
0.753482
0.719407
0.713268
0.625275
0.699709
0.740626
0.69078
0.744329
0.731334
0.750448
0.714159
0.732976
0.835603
0.653259
0.788814
0.692715
0.64989
0.817112
0.573494
0.652235
0.706965
0.686017
0.765795
0.80417
0.794964
0.728438
0.755272
0.809058
0.786895
0.789312
0.727386
0.862885
0.714724
0.730472
0.703134
0.874695
0.752944
0.929093
0.76362
0.846162
0.66544
0.653062
0.794597
0.850921
0.804984
0.88989
0.808912
0.900898
0.516177
0.693715
0.93276
0.705234
0.907348
0.816452
0.634323
0.85568
0.877462
0.85037
0.9157
0.80207
0.830379
0.797524
0.814792
0.706972
0.730014
0.577857
0.802362
0.893712
0.723282
0.792471
0.899125
0.767106
0.717606
0.801747
0.835376
0.589222
0.712945
0.573857
0.84254
0.528337
0.796925
0.781016
0.901001
0.512448
0.734585
0.899865
0.696724
0.63701
0.495821
0.663684
0.793727
0.920041
0.534879
0.920739
0.868682
0.922965
0.603245
0.917234
0.66935
0.900378
0.827461
0.497537
0.597866
0.893322
0.774655
0.647323
0.646689
0.828292
0.659066
0.805921
0.84508
0.651641
0.52192
0.86781
0.570851
0.895021
0.429566
0.813305
0.806777
0.782989
0.903161
0.542938
0.648282
0.711211
0.590735
0.708755
0.699282
0.59068
0.674971
0.597309
0.852483
0.68265
0.830392
0.857338
0.881949
0.69069
0.640702
0.877607
0.622848
0.80997
0.855155
0.771446
0.693241
0.744622
0.495656
0.920474
0.829473
0.686854
0.551304
0.741813
0.865398
0.467555
0.53708
0.728206
0.833221
0.869262
0.534938
0.57518
0.523511
0.72869
