0.818334
0.933123
0.930429
0.865151
0.789488
0.827829
0.602859
0.650746
0.64322
0.497757
0.679822
0.866274
0.749132
0.802844
0.790681
0.806465
0.917934
0.791661
0.821114
0.69255
0.864779
0.67115
0.786711
0.751299
0.877277
0.756785
0.91142
0.8477
0.796589
0.614155
0.647985
0.793787
0.927512
0.729958
0.893943
0.805824
0.630144
0.453145
0.607329
0.698048
0.918059
0.662694
0.871765
0.884838
0.623436
0.768982
0.813686
0.777943
0.648128
0.810362
0.854561
0.802695
0.930965
0.891679
0.610374
0.631346
0.86885
0.894016
0.637011
0.6165
0.888496
0.673625
0.716407
0.737258
0.523055
0.754457
0.711912
0.714262
0.644093
0.71063
0.769802
0.831138
0.78144
0.921569
0.45951
0.772618
0.915096
0.503064
0.862044
0.410786
0.782975
0.87365
0.895776
0.702413
0.919744
0.924837
0.686162
0.560122
0.776329
0.652855
0.916767
0.877136
0.750719
0.69753
0.836024
0.49418
0.635907
0.923084
0.615362
0.723786
0.669718
0.644714
0.587174
0.580898
0.793241
0.898154
0.513222
0.791168
0.620012
0.853105
0.798818
0.787626
0.883997
0.544363
0.866466
0.51118
0.82283
0.704332
0.673375
0.565666
0.601307
0.699455
0.550471
0.695682
0.526491
0.619551
0.802481
0.882601
0.827217
0.825116
0.644112
0.856221
0.812428
0.736927
0.463238
0.613997
0.63923
0.60493
0.737121
0.514841
0.734495
0.428946
0.695722
0.874889
0.570124
0.725534
0.863171
0.799659
0.661089
