0.788404
0.624973
0.564478
0.668487
0.695048
0.745097
0.739012
0.74738
0.692078
0.691132
0.641233
0.725908
0.786863
0.689038
0.629531
0.818595
0.559818
0.671518
0.709039
0.407166
0.679593
0.861187
0.755054
0.816805
0.806123
0.763069
0.914008
0.788883
0.781535
0.713471
0.862886
0.715587
0.788815
0.699631
0.878089
0.766819
0.913095
0.764355
0.859267
0.803344
0.819574
0.778574
0.75655
0.613006
0.723693
0.866562
0.805044
0.645154
0.697968
0.910087
0.677686
0.932969
0.807872
0.646233
0.62801
0.819295
0.731038
0.6497
0.875679
0.805779
0.80988
0.863839
0.863148
0.544382
0.848193
0.894497
0.757053
0.651719
0.876139
0.767158
0.656038
0.767191
0.867288
0.907964
0.79614
0.846749
0.562954
0.8203
0.500133
0.780359
0.634401
0.889871
0.46568
0.733094
0.66059
0.781855
0.413095
0.729369
0.880376
0.649018
0.85034
0.832341
0.735552
0.839274
0.825543
0.922997
0.679026
0.797262
0.797787
0.888734
0.514428
0.755729
0.774994
0.728218
0.700088
0.817347
0.622507
0.794111
0.782511
0.577643
0.649704
0.779749
0.855694
0.810388
0.818692
0.696768
0.572199
0.66703
0.736456
0.679195
0.545298
0.600691
0.659582
0.605104
0.552628
0.852223
0.860254
0.886302
0.612621
0.697482
0.500877
0.831728
0.619605
0.415124
0.772743
0.730738
0.6047
0.676137
0.505425
0.669552
0.689087
0.755909
0.787299
0.453391
0.448329
0.724582
0.721587
0.377776
0.573005
0.685413
