0.906267
0.707519
0.682923
0.701551
0.777901
0.858872
0.712321
0.877268
0.664418
0.90781
0.448215
0.552712
0.718401
0.763535
0.930693
0.745
0.818977
0.829684
0.869217
0.864945
0.744788
0.84313
0.65953
0.86877
0.856413
0.603753
0.787264
0.793986
0.776191
0.541474
0.737625
0.839974
0.709418
0.66885
0.669893
0.858174
0.906369
0.775691
0.855448
0.702761
0.728495
0.822644
0.612725
0.781052
0.865715
0.671673
0.911071
0.595729
0.882324
0.876177
0.455546
0.436548
0.759947
0.890232
0.750521
0.77947
0.859141
0.801414
0.794011
0.928505
0.923028
0.605934
0.778408
0.919167
0.719992
0.782192
0.928329
0.638733
0.583127
0.869431
0.754816
0.797449
0.612808
0.738185
0.716581
0.665234
0.793304
0.887729
0.495276
0.811957
0.45242
0.859313
0.842045
0.723102
0.788064
0.743825
0.841739
0.582024
0.686585
0.526006
0.755099
0.48997
0.669955
0.536656
0.790748
0.495481
0.669269
0.663743
0.914996
0.745335
0.748369
0.896859
0.679516
0.88115
0.727679
0.379006
0.751735
0.620972
0.68965
0.778675
0.425856
0.81523
0.864481
0.395934
0.692409
0.879024
0.593493
0.78185
