0.29959
0.30931
0.291295
0.302348
0.289768
0.262478
0.269903
0.28981
0.279348
0.271316
0.31458
0.296755
0.305144
0.29562
0.301469
0.293761
0.277525
0.299806
0.310082
0.324319
0.297793
0.29052
0.30584
0.259593
0.30557
0.292602
0.308612
0.313355
0.330691
0.321061
0.31024
0.319256
0.307301
0.317664
0.311128
0.332943
0.338503
0.345651
0.321421
0.33969
0.321647
0.332825
0.326274
0.332983
0.336608
0.313767
0.354782
0.357959
0.353747
0.308663
0.335837
0.325157
0.345206
0.306296
0.345092
0.35547
0.355854
0.288008
0.347901
0.347321
0.348519
0.346133
0.337962
0.347969
0.359264
0.313159
0.358944
0.34832
0.311923
0.330575
0.374188
0.370873
0.362789
0.349762
0.341643
0.367346
0.349649
0.371455
0.362135
0.34401
0.374344
0.365917
0.385901
0.34644
0.343136
0.370287
0.344522
0.332556
0.343179
0.373266
0.398555
0.38762
0.367094
0.39294
0.38457
0.392969
0.410292
0.398003
0.378494
0.392609
0.392096
0.409842
0.39537
0.423086
0.392686
0.411676
0.451875
0.38353
0.393829
0.361583
0.396971
0.391847
0.406921
0.437164
0.414597
0.381191
0.40725
0.348405
0.399611
0.456328
0.401095
0.447742
0.425439
0.438426
0.407455
0.382363
0.450899
0.49945
0.448574
0.443291
0.468878
0.491121
0.440482
0.448936
0.506842
0.484189
0.489582
0.488795
0.436208
0.469097
0.421708
0.499676
0.45767
0.466296
0.580149
0.508666
0.493538
0.482125
0.440017
0.515639
0.534781
0.586383
0.460954
0.545208
0.575142
0.55963
0.482676
0.556911
0.601392
0.48515
0.579025
0.56275
0.501911
0.614071
0.574704
0.596331
0.655313
0.642791
0.610615
0.698084
0.721263
0.6868
0.596771
0.783177
0.722108
0.667662
0.679331
0.702858
0.734181
0.69157
0.736649
0.699828
0.69456
0.718878
0.779882
0.844293
0.776898
0.727335
0.880287
0.789342
0.83581
0.681121
0.789792
0.705373
0.782415
0.884459
0.814439
0.86972
0.812471
0.844891
0.827679
0.795151
0.829539
0.757469
0.923262
0.731917
0.910629
0.798439
0.732156
0.662915
0.592144
0.777547
0.793682
0.781793
0.810663
0.83526
0.59998
0.805239
0.705566
0.752786
0.736249
0.78347
0.625955
0.587896
0.706549
0.706598
0.716735
0.737373
0.752082
0.666936
0.692775
0.837683
0.750343
0.812851
0.692732
0.607669
0.808012
0.627277
0.683836
0.636394
0.658586
0.68095
0.828106
0.7614
0.796828
0.805363
0.761974
0.923526
0.796922
0.818802
0.728156
0.870669
0.715902
0.690439
0.862146
0.70851
0.855777
0.919656
0.81737
0.696024
0.684083
0.789182
0.905841
0.823319
0.854996
0.791437
0.884367
0.632662
0.852679
0.915415
0.599004
0.735391
0.798346
0.769339
0.836601
0.793001
0.619927
0.791222
0.85536
0.653319
0.930987
0.873968
0.491726
0.80477
0.846152
0.632303
0.738276
0.871405
0.761589
0.671402
0.71724
0.757714
0.782185
0.543365
0.757398
0.709075
0.62999
0.721691
0.774455
0.782563
0.475383
0.725089
0.913876
0.543206
0.814517
0.413654
0.762931
0.677518
0.923996
0.657114
0.839892
0.67068
0.485021
0.76474
0.926959
0.495806
0.692783
0.917693
0.823434
0.892463
0.827452
0.607408
0.615298
0.920192
0.786109
0.77053
0.72462
0.800452
0.664405
0.83085
0.862153
0.826468
0.785493
0.605494
0.645989
0.551697
0.812492
0.622195
0.803376
0.516738
0.637951
0.689628
0.726941
0.518109
0.536835
0.601191
0.624075
0.476587
0.708926
0.763925
0.864035
0.76382
0.482933
0.777801
0.871867
0.913205
0.737217
0.723518
0.912366
0.903503
0.600114
0.555718
0.868535
0.779951
0.663826
0.661495
0.771505
0.400473
0.477547
0.639415
0.648993
0.771348
0.753805
0.860799
0.595931
0.640458
0.641449
