47
47
47
47
47
47
47
47
47
47
47
46
46
45
45
45
45
45
45
45
44
44
44
44
44
44
44
44
44
45
45
46
46
46
46
47
47
47
47
45
45
45
44
44
44
44
44
44
44
43
43
43
43
43
44
44
45
45
44
44
44
45
44
45
45
45
45
45
45
45
45
45
45
45
45
45
45
45
45
45
44
44
44
44
44
43
43
43
43
43
43
43
43
43
43
43
43
43
43
43
43
43
43
44
45
43
43
43
43
43
43
43
42
42
42
42
42
42
42
43
43
42
42
42
42
42
42
42
42
42
42
42
42
42
43
43
42
42
42
42
42
42
42
42
42
42
43
42
42
42
42
42
42
42
42
44
45
45
45
43
43
43
43
43
42
44
44
45
45
44
43
43
45
45
45
45
46
46
46
47
47
47
46
45
44
44
43
43
43
43
43
43
43
42
42
44
43
43
43
42
42
42
42
42
42
42
42
42
