64
65
64
65
65
65
65
65
65
65
65
66
66
65
65
65
65
65
65
66
66
66
66
66
67
67
68
66
65
63
63
63
63
63
64
64
63
63
64
64
64
64
64
63
64
64
64
64
65
64
65
65
64
64
65
64
64
64
64
63
62
62
61
61
60
61
61
61
62
62
62
62
62
63
63
63
64
65
65
66
66
66
67
67
67
67
67
67
68
67
63
63
64
64
N/A
63
63
63
64
64
63
64
64
64
64
63
63
63
63
63
63
63
63
N/A
63
62
62
61
61
60
60
60
60
60
60
60
61
61
61
61
62
62
62
63
63
63
63
63
63
64
64
65
65
62
63
64
64
64
64
64
64
64
65
65
66
67
66
66
67
67
67
67
67
66
66
66
66
66
66
65
65
65
65
65
65
65
64
64
64
64
64
63
63
63
63
63
63
64
64
64
64
64
64
64
63
67
67
67
67
67
67
67
67
67
67
67
67
67
67
66
66
66
66
66
65
65
65
65
65
64
64
65
65
64
64
64
64
64
64
64
64
64
63
63
63
63
63
63
63
63
64
63
63
64
63
64
64
64
64
64
64
64
65
65
65
65
65
65
64
64
64
64
64
64
64
64
64
64
64
64
64
64
65
65
66
66
62
63
63
63
64
62
63
63
63
64
64
65
65
66
66
66
65
65
66
66
66
65
65
65
65
65
64
64
64
64
65
65
65
65
65
65
65
66
65
66
66
67
65
65
65
65
65
65
65
65
66
66
66
66
66
67
67
66
66
66
66
66
66
66
66
66
66
67
67
67
67
67
67
67
67
67
67
67
67
67
