0.84916
0.834535
0.785642
0.811688
0.816806
0.836852
0.748977
0.730247
0.643729
0.735576
0.795746
0.746994
0.786148
0.814035
0.773059
0.719664
0.808795
0.686588
0.753926
0.758699
0.783653
0.728268
0.664929
0.740762
0.729564
0.742673
0.729721
0.749815
0.728873
0.709615
0.832884
0.654894
0.812818
0.695166
0.658867
0.820201
0.631638
0.672007
0.657742
0.663183
0.691794
0.871233
0.761089
0.805281
0.773198
0.777582
0.913612
0.92905
0.897595
0.806745
0.849053
0.825474
0.913043
0.699892
0.877919
0.666724
0.930131
0.92128
0.795539
0.650777
0.646752
0.793344
0.926138
0.829739
0.856564
0.819106
0.893481
0.478268
0.545831
0.670776
0.930507
0.610176
0.612677
0.80056
0.819815
0.866124
0.770278
0.744365
0.796389
0.854712
0.655625
0.930741
0.846917
0.402784
0.588551
0.72736
0.607633
0.932433
0.561061
0.725614
0.907621
0.785834
0.895406
0.778379
0.739851
0.491747
0.679279
0.557708
0.525521
0.463378
0.824034
0.710284
0.875758
0.908486
0.66952
0.917798
0.612516
0.833637
0.858964
0.411197
0.568227
0.70462
0.89591
0.682635
0.92723
0.905744
0.743613
0.667366
0.929444
0.594268
0.67576
0.911886
0.898631
0.777027
0.633019
0.618255
0.895137
0.756203
0.84927
0.686016
0.621809
0.700912
0.817265
0.657342
0.798369
0.889186
0.895112
0.764611
0.636924
0.852509
0.834167
0.817089
0.598691
0.660512
0.769366
0.826957
0.55108
0.634876
0.736453
0.672354
0.7887
0.601079
0.868088
0.701442
0.641392
0.85587
0.637594
0.861473
0.834765
0.885849
0.497566
0.903607
0.67713
0.741975
0.790767
0.862221
0.767939
0.829136
0.751389
0.59626
0.668981
0.40296
0.750554
0.883317
0.517618
0.554541
0.54736
0.91646
0.884793
0.728523
0.675421
0.517482
