0.588438
0.548988
0.533506
0.588605
0.554907
0.647292
0.602596
0.583274
0.649994
0.560409
0.585522
0.460788
0.661513
0.777063
0.654814
0.59384
0.752982
0.726473
0.70872
0.730095
0.66732
0.6754
0.803768
0.740348
0.764876
0.866029
0.732406
0.752629
0.780219
0.836788
0.744022
0.721435
0.882409
0.811591
0.845787
0.68367
0.761849
0.871251
0.777935
0.780829
0.873301
0.786575
0.828906
0.740199
0.849027
0.787646
0.797198
0.805704
0.814895
0.812795
0.753065
0.728181
0.66262
0.598008
0.768959
0.727554
0.785868
0.812967
0.854173
0.617874
0.81556
0.703213
0.755981
0.765544
0.781564
0.619766
0.554602
0.726346
0.69637
0.744605
0.72954
0.748482
0.667239
0.706339
0.834142
0.75796
0.831128
0.692732
0.582733
0.820176
0.637324
0.663721
0.638226
0.875486
0.771933
0.800833
0.819306
0.737284
0.770863
0.829258
0.605906
0.761229
0.712689
0.871532
0.714916
0.788799
0.709272
0.883179
0.717422
0.933196
0.91709
0.675641
0.655647
0.669495
0.793505
0.8996
0.709502
0.90438
0.813029
0.898154
0.453031
0.523559
0.663281
0.91222
0.648722
0.737488
0.795409
0.756572
0.832557
0.729302
0.691695
0.829806
0.805362
0.925792
0.841641
0.892625
0.702096
0.547078
0.762347
0.552878
0.507334
0.674426
0.907263
0.658919
0.667519
0.73134
0.793306
0.73456
0.592129
0.721796
0.603323
0.748884
0.463378
0.809171
0.639465
0.871157
0.751777
0.882643
0.56106
0.877678
0.534338
0.604801
0.873044
0.898563
0.685216
0.923492
0.910842
0.676905
0.534129
0.847659
0.888294
0.897396
0.64721
0.914842
0.73432
0.824217
0.885482
0.488648
0.923701
0.764195
0.807076
0.651652
0.620787
0.722177
0.814571
0.657367
0.798355
0.713579
0.70668
0.823674
0.64409
0.799954
0.618095
0.770025
0.802143
0.717679
0.659861
0.738101
0.565376
0.72166
0.544227
0.706396
0.535718
0.918789
0.709505
0.630917
0.544492
0.611439
0.816826
0.634745
0.776118
0.888692
0.797049
0.735045
0.721328
0.652322
0.5719
0.712692
0.825242
0.721948
0.433644
0.697014
0.564726
0.9339
0.777498
0.607581
0.612256
0.66294
