0.788966
0.83125
0.693708
0.815449
0.705959
0.754927
0.765958
0.714054
0.651978
0.5391
0.706561
0.717338
0.738156
0.739231
0.751853
0.648109
0.703893
0.821262
0.75796
0.837989
0.692905
0.670325
0.829036
0.564408
0.650813
0.705602
0.671316
0.779294
0.807786
0.831219
0.743975
0.756046
0.76962
0.791477
0.82764
0.68621
0.86132
0.714735
0.746846
0.704684
0.891638
0.769633
0.92641
0.917138
0.810743
0.61332
0.657416
0.793833
0.850278
0.707219
0.884686
0.804738
0.900723
0.649541
0.93719
0.917169
0.665297
0.933351
0.809377
0.859739
0.844335
0.800448
0.862848
0.916432
0.883747
0.749499
0.876721
0.7564
0.92402
0.646217
0.606294
0.798194
0.893601
0.842472
0.536431
0.783037
0.905669
0.731381
0.692317
0.798891
0.747521
0.793689
0.527088
0.924358
0.562098
0.91112
0.477991
0.796872
0.648722
0.921337
0.47227
0.650461
0.879108
0.697697
0.887136
0.876673
0.451589
0.392832
0.763344
0.873602
0.746536
0.778562
0.826391
0.681965
0.542924
0.641422
0.861125
0.532862
0.670964
0.915723
0.873467
0.881602
0.836571
0.559642
0.766367
0.895964
0.788518
0.669858
0.663617
0.759773
0.845809
0.685297
0.79415
0.676249
0.587478
0.702441
0.574599
0.886743
0.430301
0.835121
0.900784
0.924034
0.627636
0.714669
0.662499
0.707184
0.535166
0.768132
0.416927
0.475569
0.837065
0.787041
0.824376
0.847144
0.841908
0.844378
0.867214
0.579687
0.717903
0.707316
0.793586
0.88547
0.614959
0.577422
0.725028
0.516468
0.687792
0.429324
0.66655
0.788598
0.881189
0.543719
0.710978
0.851831
0.860102
0.820072
0.595113
