0.828236
0.729824
0.757243
0.699496
0.90772
0.687413
0.538031
0.70276
0.670897
0.655592
0.849735
0.630849
0.780293
0.455568
0.704684
0.65797
0.697171
0.501394
0.602069
0.873314
0.77484
0.676043
0.848711
0.830783
0.57029
0.667302
0.929233
0.923032
0.646369
0.702833
0.671589
0.859148
0.568176
0.588732
0.824496
0.74613
0.79966
0.767857
0.768829
0.804752
0.749002
0.618362
0.798304
0.89087
0.719295
0.496196
0.886549
0.637399
0.864199
0.457075
0.601379
0.785645
0.628894
0.626512
0.73452
0.821975
0.650256
0.615608
0.825947
0.85729
0.778528
0.514087
0.75403
0.803182
0.896063
0.74041
0.616328
0.493673
0.851046
0.790094
0.73297
0.623529
0.630943
0.711817
0.454321
0.63467
0.440902
0.717162
0.724802
0.54801
0.598149
0.47284
0.726303
0.775322
0.766498
0.652205
0.625211
