0.914087
0.736831
0.857156
0.681414
0.693587
0.794578
0.92565
0.782559
0.85059
0.818706
0.887338
0.437217
0.661509
0.839517
0.79036
0.64378
0.742797
0.858618
0.841802
0.87195
0.791073
0.671474
0.786556
0.766632
0.803982
0.814792
0.802562
0.681389
0.794413
0.608154
0.533459
0.643242
0.922036
0.726322
0.680345
0.782637
0.767468
0.906859
0.703804
0.539203
0.712644
0.682291
0.701308
0.770483
0.781651
0.922349
0.459691
0.90708
0.588865
0.858775
0.733769
0.729357
0.879346
0.674944
0.797864
0.92359
0.862722
0.567927
0.781706
0.915656
0.657635
0.653304
0.916607
0.762406
0.868571
0.886606
0.870325
0.5031
0.633615
0.752521
0.809832
0.76015
0.686496
0.805234
0.637755
0.747885
0.71762
0.544904
0.685969
0.817002
0.653672
0.803619
0.799888
0.799462
0.700722
0.82936
0.512029
0.864435
0.645457
0.704948
0.684028
0.552644
0.604846
0.59645
0.78432
0.681324
0.694846
0.845173
0.848082
0.871572
0.761619
0.811057
0.875259
0.499256
0.544376
0.700518
0.8656
0.527169
0.556351
0.675179
0.604459
0.534487
0.72547
0.727358
0.428434
0.58447
0.862602
0.484284
0.690303
0.815605
0.836401
0.593642
0.58892
0.663517
0.76121
