0.339902
0.387327
0.36706
0.383668
0.380545
0.367389
0.35332
0.359224
0.349502
0.400247
0.390062
0.391459
0.380225
0.351522
0.378726
0.393032
0.384837
0.337389
0.404636
0.319299
0.400177
0.399871
0.396245
0.433216
0.39597
0.415648
0.393257
0.368773
0.411584
0.461654
0.349848
0.379983
0.397137
0.440767
0.374474
0.38334
0.412475
0.438893
0.395628
0.453039
0.454037
0.440462
0.449166
0.363662
0.441011
0.438623
0.396415
0.465354
0.436063
0.473861
0.433727
0.463816
0.438172
0.358351
0.44401
0.436006
0.418378
0.388276
0.475092
0.404688
0.476169
0.420469
0.391187
0.489945
0.452512
0.449627
0.431641
0.423661
0.456024
0.498436
0.519382
0.500698
0.529568
0.451745
0.462236
0.514306
0.529274
0.525751
0.547037
0.568183
0.474015
0.521396
0.632731
0.486363
0.63648
0.609481
0.598128
0.567361
0.617528
0.579367
0.583572
0.595743
0.559901
0.570329
0.553292
0.53456
0.770722
0.712012
0.659078
0.582459
0.729581
0.753069
0.722144
0.60338
0.659468
0.744024
0.714994
0.722715
0.700731
0.770166
0.70083
0.815329
0.844358
0.812463
0.681516
0.77049
0.872929
0.811245
0.810155
0.778585
0.87218
0.715017
0.852966
0.839158
0.81806
0.829696
0.736669
0.844281
0.848344
0.852597
0.796817
0.874097
0.912791
0.832449
0.761417
0.763323
0.666926
0.59807
0.804575
0.794058
0.788239
0.804495
0.834841
0.687108
0.748128
0.648432
0.7516
0.715163
0.713681
0.739079
0.549454
0.730428
0.730976
0.725184
0.742376
0.748135
0.666777
0.702443
0.840941
0.659716
0.787384
0.692732
0.628769
0.818881
0.57226
0.671557
0.647873
0.827503
0.776485
0.80417
0.812881
0.739558
0.76054
0.778665
0.767979
0.751465
0.685829
0.86593
0.720637
0.715469
0.702179
0.877891
0.66535
0.93003
0.82736
0.78801
0.61432
0.691453
0.792911
0.873348
0.778453
0.855594
0.791179
0.797734
0.416074
0.595157
0.669548
0.749637
0.652032
0.88171
0.897429
0.840132
0.874876
0.791073
0.580344
0.699772
0.738952
0.869584
0.932845
0.874588
0.771891
0.567953
0.791041
0.897383
0.766614
0.626917
0.698722
0.918605
0.770942
0.76941
0.72277
0.878582
0.906478
0.547119
0.70965
0.611469
0.786395
0.463233
0.796999
0.572472
0.877843
0.472077
0.696736
0.696592
0.456156
0.542036
0.819823
0.775609
0.771545
0.613777
0.858642
0.488999
0.875561
0.841515
0.783292
0.672699
0.835528
0.544935
0.539383
0.89433
0.892649
0.841049
0.722226
0.658882
0.822994
0.570773
0.546051
0.775386
0.933237
0.669804
0.780696
0.547695
0.820672
0.610693
0.69257
0.869432
0.791068
0.583804
0.644095
0.694658
0.881572
0.71638
0.631784
0.551343
0.602491
0.865287
0.661736
0.463696
0.872443
0.809814
0.862948
0.761054
0.667858
0.825569
0.609855
0.694646
0.747499
0.624919
0.79543
0.880526
0.58828
0.569209
0.603925
0.802952
0.878179
0.862181
0.409592
0.699954
0.871424
0.407757
0.356536
0.696175
0.779701
0.521676
0.651984
0.63645
