0.662511
0.719984
0.88111
0.772286
0.852345
0.829975
0.791057
0.678154
0.706491
0.792879
0.817739
0.881201
0.86122
0.791437
0.888134
0.749043
0.406995
0.59425
0.691034
0.790567
0.866698
0.892948
0.62564
0.856084
0.765989
0.718167
0.832843
0.831513
0.900604
0.819581
0.887019
0.780152
0.80232
0.899562
0.572369
0.737385
0.854835
0.824158
0.775675
0.754429
0.863139
0.913199
0.756377
0.860744
0.633925
0.670897
0.710225
0.80317
0.617483
0.780293
0.923562
0.908583
0.66394
0.915739
0.497395
0.879673
0.729798
0.477972
0.906243
0.875687
0.751759
0.773439
0.918714
0.623399
0.769037
0.918984
0.922969
0.594981
0.86755
0.831782
0.522135
0.857206
0.539637
0.606911
0.922288
0.747655
0.724302
0.628697
0.720079
0.853136
0.678838
0.678741
0.785847
0.805246
0.577679
0.886391
0.628743
0.860028
0.470771
0.776881
0.644032
0.676824
0.702583
0.627159
0.707717
0.694724
0.729504
0.484875
0.766562
0.434793
0.877767
0.681228
0.52617
0.807084
0.923317
0.814261
0.748318
0.765026
0.892151
0.724334
0.786466
0.896981
0.705473
0.3923
0.813182
0.659463
0.60018
0.755865
0.869361
0.86737
0.42775
0.708943
0.833343
0.53706
0.614212
0.923054
0.823477
0.659918
0.586514
