0.820035
0.891897
0.880153
0.87906
0.840229
0.805178
0.789447
0.693032
0.676796
0.816086
0.61621
0.650322
0.64495
0.845553
0.761617
0.793856
0.828753
0.734686
0.761612
0.786403
0.787016
0.769934
0.729845
0.837625
0.715806
0.789705
0.702147
0.875491
0.76847
0.930344
0.712566
0.857698
0.634832
0.660802
0.777693
0.905032
0.774663
0.866723
0.788993
0.88523
0.625512
0.691152
0.930208
0.681385
0.748356
0.805156
0.766702
0.748239
0.794922
0.664387
0.771135
0.743928
0.872636
0.929026
0.865126
0.901778
0.573031
0.699202
0.899276
0.554207
0.678477
0.858888
0.733579
0.729501
0.79516
0.787592
0.588058
0.826091
0.659994
0.67192
0.726962
0.784877
0.829994
0.859441
0.470811
0.913977
0.49526
0.851734
0.562429
0.494161
0.898223
0.697315
0.916906
0.919937
0.569779
0.590394
0.552143
0.84313
0.825205
0.696461
0.622886
0.752593
0.843052
0.658752
0.71048
0.8628
0.675531
0.839525
0.811796
0.849115
0.627771
0.550183
0.701299
0.573285
0.862576
0.714154
0.639848
0.704356
0.542373
0.797311
0.542766
0.674349
0.720461
0.662369
0.497408
0.679615
0.660553
0.867272
0.682936
0.604905
0.851721
0.619008
0.913889
0.743319
0.815548
0.609791
0.764007
0.645656
0.873168
0.920343
0.38595
0.920321
0.614443
0.874603
0.604189
0.393915
0.859955
0.414705
0.925145
0.773613
0.916142
0.638432
0.536857
0.682559
0.849278
0.586581
0.641265
0.68826
