0.880911
0.8788
0.878308
0.757924
0.848964
0.839169
0.787864
0.81271
0.832331
0.827557
0.763474
0.744453
0.686887
0.672516
0.739256
0.717965
0.738588
0.802603
0.835191
0.717277
0.751484
0.714452
0.714374
0.742243
0.74161
0.742602
0.570411
0.731786
0.711108
0.671252
0.729004
0.747973
0.689369
0.71193
0.688139
0.636904
0.789398
0.695166
0.629563
0.751642
0.616817
0.683636
0.687684
0.799833
0.777148
0.808346
0.834774
0.711579
0.75977
0.788829
0.790939
0.759945
0.721929
0.877045
0.716203
0.78668
0.764189
0.873987
0.660787
0.931684
0.685566
0.845208
0.637167
0.662317
0.785502
0.924475
0.711241
0.876411
0.802495
0.555063
0.488763
0.590046
0.64923
0.790595
0.92936
0.747324
0.797107
0.751504
0.80865
0.740138
0.91572
0.793127
0.741489
0.881929
0.863132
0.865132
0.586451
0.816199
0.521551
0.898843
0.537082
0.750439
0.860821
0.764825
0.596606
0.71546
0.61335
0.905292
0.810555
0.843704
0.676697
0.846094
0.78494
0.642711
0.410651
0.722491
0.630337
0.611027
0.431456
0.6108
0.733527
0.842124
0.843301
0.68487
0.559769
0.806527
0.92889
0.923132
0.775057
0.860602
0.798067
0.896843
0.85922
0.583512
0.777023
0.761237
0.813012
0.7496
0.625183
0.720277
0.600841
0.672334
0.75607
0.731449
0.451719
0.917979
0.638461
0.865008
0.55104
0.567833
0.603822
0.791909
0.835837
0.665505
0.750808
0.437054
0.598022
0.528577
0.613061
0.61754
0.845711
0.575579
0.922397
0.641179
0.817878
0.737469
0.725053
0.62083
0.607331
0.66136
0.497237
0.852309
0.783044
0.442793
0.702764
0.634721
0.582541
0.48306
0.847796
0.764794
0.534738
0.650963
0.568165
