0.49609
0.396069
0.50205
0.609198
0.447279
0.496762
0.551159
0.515333
0.524644
0.505008
0.525955
0.514599
0.571747
0.555032
0.498298
0.520902
0.508152
0.608915
0.631794
0.632129
0.601739
0.559166
0.637029
0.606612
0.617367
0.590406
0.61174
0.656713
0.714856
0.793707
0.520191
0.731507
0.744975
0.584518
0.815805
0.576601
0.66885
0.62836
0.794212
0.678387
0.764388
0.868537
0.651941
0.803113
0.828142
0.816642
0.797488
0.738693
0.764655
0.820096
0.829017
0.681551
0.795769
0.814822
0.807029
0.842478
0.821196
0.874268
0.82301
0.849027
0.822464
0.862535
0.830641
0.876836
0.923025
0.836079
0.732351
0.732803
0.631072
0.603039
0.764869
0.784383
0.776272
0.53953
0.759097
0.77733
0.693673
0.819349
0.710497
0.732042
0.735711
0.739916
0.7415
0.571825
0.740602
0.718737
0.727432
0.729482
0.751853
0.656107
0.72511
0.839008
0.759736
0.811517
0.692732
0.666798
0.784159
0.602267
0.676154
0.630376
0.707585
0.76191
0.811085
0.795891
0.70659
0.772866
0.785322
0.786886
0.822699
0.71274
0.870639
0.694716
0.715469
0.698055
0.891927
0.739191
0.923784
0.82836
0.790478
0.662721
0.711528
0.78905
0.919699
0.784432
0.86122
0.765985
0.893806
0.777122
0.447153
0.602558
0.65186
0.91262
0.93071
0.732795
0.821265
0.771015
0.819263
0.783873
0.767064
0.74643
0.876159
0.879915
0.812734
0.793875
0.794168
0.556515
0.851692
0.788593
0.885176
0.705583
0.852535
0.786261
0.805902
0.575588
0.72069
0.710058
0.562805
0.688754
0.823915
0.706494
0.637767
0.758347
0.686192
0.671456
0.883018
0.851298
0.485936
0.434931
0.715337
0.888779
0.861791
0.698459
0.885089
0.921687
0.671149
0.544826
0.819802
0.92742
0.922977
0.70846
0.867624
0.530602
0.745338
0.515251
0.791923
0.469153
0.912854
0.756097
0.81318
0.746281
0.705038
0.768648
0.832139
0.680419
0.622664
0.663713
0.631641
0.425808
0.864609
0.5465
0.790093
0.799664
0.655265
0.777845
0.488823
0.510069
0.648415
0.68948
0.698183
0.633126
0.733404
0.5983
0.645107
0.688697
0.825905
0.748901
0.72937
0.864253
0.758508
0.828868
0.81669
0.77503
0.792875
0.837058
0.674959
0.709741
0.915179
0.654933
0.542317
0.867671
0.571357
0.861123
0.506915
0.913609
0.71188
0.914705
0.465104
0.692295
0.791173
0.723855
0.879002
0.56849
0.493098
