0.811909
0.819491
0.689661
0.790314
0.869142
0.814434
0.838127
0.798448
0.84535
0.837438
0.822484
0.805364
0.832863
0.828135
0.75478
0.879848
0.730123
0.677839
0.598667
0.795298
0.722496
0.741241
0.802609
0.849546
0.60093
0.801077
0.68247
0.753465
0.736249
0.737378
0.726713
0.550749
0.747484
0.69714
0.724771
0.726281
0.751735
0.696229
0.730583
0.83452
0.717965
0.786525
0.692732
0.670277
0.832541
0.588171
0.671202
0.647653
0.662962
0.675151
0.822268
0.752161
0.802199
0.786333
0.777624
0.916397
0.713002
0.866278
0.804142
0.837643
0.813532
0.92673
0.878711
0.666831
0.933416
0.764089
0.84523
0.645687
0.623749
0.792539
0.915139
0.784139
0.763108
0.820817
0.866733
0.496624
0.71365
0.915416
0.589493
0.747189
0.798057
0.75009
0.819536
0.729825
0.621855
0.791016
0.850558
0.653935
0.705905
0.89414
0.785116
0.799453
0.898025
0.552251
0.656347
0.921014
0.690189
0.8504
0.6456
0.90767
0.869184
0.850998
0.737643
0.696513
0.775222
0.782166
0.479448
0.910116
0.561853
0.878365
0.585672
0.892163
0.693613
0.862009
0.701074
0.926975
0.630409
0.593392
0.695523
0.918627
0.633108
0.876365
0.892853
0.816726
0.88528
0.631074
0.821882
0.860796
0.664667
0.671889
0.861967
0.68707
0.80822
0.830401
0.728192
0.627031
0.876744
0.620189
0.881043
0.865221
0.658817
0.903852
0.767424
0.606311
0.628166
0.584441
0.666698
0.645115
0.770541
0.543668
0.703727
0.454952
0.8729
0.666876
0.614278
0.874282
0.563848
0.788309
0.794587
0.823792
0.899349
0.668163
0.628811
0.728475
0.709439
0.648827
0.642476
0.738993
0.5719
0.685018
0.638568
0.430409
0.670841
0.742922
0.916584
0.474986
0.681502
0.933659
0.830501
0.596749
0.681019
0.645217
