0.917799
0.669433
0.709517
0.803289
0.90278
0.704564
0.64709
0.917549
0.601987
0.850613
0.859578
0.865304
0.889127
0.858797
0.502536
0.637769
0.769007
0.849611
0.74978
0.720104
0.855592
0.654209
0.756907
0.830401
0.710184
0.655581
0.564709
0.71172
0.7945
0.590507
0.894639
0.558116
0.45552
0.689131
0.671336
0.77053
0.763523
0.777187
0.71353
0.858274
0.713514
0.573832
0.641694
0.670309
0.881741
0.7353
0.867522
0.825063
0.899908
0.695241
0.912863
0.732652
0.772892
0.931595
0.8536
0.837813
0.60446
0.862814
0.687775
0.85486
0.537441
0.651579
0.712129
0.865037
0.622676
0.832553
0.852197
0.810872
0.606159
0.700773
