0.818504
0.761384
0.810968
0.804608
0.771103
0.916514
0.794705
0.828349
0.722494
0.868178
0.713513
0.770417
0.825439
0.860919
0.766373
0.923093
0.762986
0.851544
0.621914
0.691485
0.78905
0.856754
0.720149
0.869276
0.846593
0.907406
0.62535
0.705071
0.928594
0.674792
0.748735
0.908004
0.829366
0.868129
0.754942
0.835276
0.785958
0.875759
0.735104
0.921611
0.798213
0.782446
0.80067
0.903064
0.54288
0.735322
0.919773
0.79616
0.754737
0.759571
0.739239
0.574453
0.815808
0.88438
0.551828
0.83689
0.533652
0.803991
0.799963
0.477353
0.776245
0.658288
0.566744
0.835538
0.468382
0.870969
0.874269
0.887235
0.652127
0.7885
0.827115
0.567711
0.778858
0.927697
0.747887
0.840748
0.770316
0.887029
0.891432
0.47566
0.88453
0.769672
0.797096
0.612304
0.629411
0.798547
0.593484
0.900614
0.788903
0.887984
0.880439
0.562365
0.918216
0.62121
0.86267
0.434631
0.606667
0.796312
0.684082
0.836
0.50232
0.688503
0.703527
0.66227
0.687158
0.590986
0.683642
0.532893
0.824794
0.826823
0.896906
0.831516
0.685421
0.922705
0.742721
0.418312
0.797016
0.63944
0.61918
0.630127
0.674135
0.617801
0.636921
0.729732
0.855716
0.592328
0.646133
0.806431
0.794801
0.393168
0.758036
0.577832
