0.695166
0.630038
0.834413
0.642368
0.672078
0.630381
0.663056
0.824544
0.860035
0.736012
0.823721
0.789173
0.76252
0.916514
0.778465
0.828154
0.72713
0.86715
0.715762
0.764137
0.700505
0.877853
0.666925
0.909162
0.745642
0.845684
0.66143
0.677964
0.77812
0.86632
0.782205
0.768369
0.788919
0.868689
0.638381
0.538068
0.647468
0.837577
0.7905
0.547597
0.79257
0.751332
0.824966
0.761848
0.551269
0.80252
0.737368
0.874409
0.885304
0.892778
0.790539
0.78805
0.902236
0.546157
0.729397
0.839056
0.784786
0.668486
0.751198
0.867721
0.913199
0.672928
0.847629
0.669625
0.713301
0.84097
0.632786
0.781112
0.920434
0.47434
0.743258
0.917827
0.547333
0.865877
0.642128
0.779331
0.877757
0.713479
0.835568
0.919415
0.631617
0.637116
0.928497
0.723274
0.780726
0.813408
0.831644
0.860723
0.506922
0.752259
0.895725
0.86643
0.681368
0.81759
0.66598
0.803955
0.932983
0.798301
0.62934
0.851983
0.854211
0.648153
0.623924
0.909213
0.843216
0.535789
0.454009
0.52449
0.866501
0.645559
0.729122
0.457453
0.670655
0.455463
0.790374
0.733057
0.486371
0.788353
0.81473
0.627791
0.735245
0.89122
0.695325
0.533768
0.696683
0.912944
0.696618
0.724339
0.638729
0.520488
0.60758
0.737912
0.641686
0.507519
0.744313
0.435742
0.689587
0.415829
0.601534
0.461132
0.796552
0.791043
0.858611
0.596784
0.736321
0.576024
