0.798538
0.842421
0.818604
0.724327
0.730381
0.646569
0.586119
0.442649
0.855709
0.901911
0.91422
0.824604
0.831218
0.722584
0.812046
0.643501
0.676302
0.742166
0.786902
0.7412
0.606818
0.725996
0.710721
0.739561
0.742288
0.747466
0.667211
0.692729
0.651223
0.76181
0.838345
0.698331
0.644843
0.702328
0.599671
0.671202
0.646848
0.830798
0.774771
0.803316
0.743894
0.716346
0.770416
0.775441
0.794705
0.802345
0.719538
0.861962
0.647083
0.739345
0.704046
0.878049
0.755042
0.929251
0.570736
0.855019
0.706179
0.62383
0.79573
0.854157
0.71544
0.893547
0.820839
0.907021
0.634096
0.690732
0.927457
0.929847
0.733968
0.818011
0.757637
0.702108
0.735601
0.917026
0.766928
0.746331
0.881061
0.778913
0.811688
0.757916
0.776446
0.794445
0.546011
0.783131
0.535971
0.74563
0.874094
0.682936
0.68713
0.730994
0.762691
0.801319
0.803082
0.556266
0.870562
0.648349
0.672759
0.722983
0.787793
0.839884
0.762664
0.921654
0.79705
0.694647
0.916195
0.481665
0.804341
0.874466
0.488082
0.452308
0.799025
0.874608
0.654735
0.821296
0.653686
0.707449
0.669567
0.381744
0.688936
0.670351
0.707633
0.885881
0.50529
0.919747
0.763195
0.790561
0.791472
0.727357
0.733776
0.797896
0.658305
0.785763
0.847215
0.687146
0.631418
0.549384
0.715282
0.857444
0.554974
0.486296
0.640612
0.537935
0.868923
0.758441
0.670408
0.878534
0.705008
0.463884
0.68442
0.746688
0.868661
0.805033
0.588074
0.881662
0.812107
0.600934
0.762229
0.879389
0.385211
0.648404
0.875096
0.805371
0.736584
0.414494
0.705
0.935563
0.595843
0.607037
0.774418
0.728458
0.797362
0.87857
0.817254
0.811679
0.481891
0.402097
0.533718
0.755166
0.614965
0.715374
0.776443
0.68447
0.64913
