0.572481
0.637816
0.842583
0.756282
0.745405
0.888504
0.722106
0.727336
0.836194
0.765859
0.539042
0.914899
0.791982
0.525853
0.811011
0.619534
0.787298
0.897901
0.459376
0.77738
0.79571
0.696304
0.483567
0.744879
0.880447
0.87777
0.665963
0.821725
0.773725
0.51155
0.609587
0.914108
0.912872
0.62903
0.820989
0.876921
0.725416
0.783227
0.518787
0.815732
0.812545
0.673415
0.628363
0.797648
0.808881
0.658126
0.787047
0.848722
0.713271
0.561541
0.852004
0.644269
0.654228
0.682667
0.788172
0.684679
0.868868
0.512094
0.642285
0.684076
0.663072
0.58008
0.671314
0.5104
0.681253
0.464562
0.853924
0.76662
0.895326
0.887997
0.689957
0.851388
0.649314
0.662659
0.46836
0.919916
0.533866
0.570336
0.666684
0.658052
0.734654
0.45095
0.925144
0.735419
0.865194
0.916382
0.651996
0.704552
0.63078
0.513557
