0.92037
0.737106
0.750589
0.739291
0.810663
0.83656
0.60493
0.815484
0.704442
0.720911
0.719761
0.768867
0.625835
0.538892
0.695639
0.692378
0.742519
0.729511
0.752239
0.702863
0.691753
0.840486
0.75909
0.78142
0.692732
0.607828
0.819738
0.631773
0.683617
0.6483
0.903029
0.763303
0.804144
0.828753
0.715788
0.769398
0.799237
0.797548
0.761229
0.710605
0.863257
0.714724
0.787828
0.70083
0.878498
0.667406
0.923599
0.766294
0.84698
0.626146
0.627551
0.795707
0.871983
0.714641
0.90433
0.806277
0.645218
0.654944
0.54227
0.743391
0.929833
0.858815
0.822874
0.644202
0.520681
0.83027
0.73307
0.707656
0.863523
0.804403
0.864876
0.845378
0.816071
0.865146
0.687565
0.618573
0.775054
0.552187
0.750727
0.857836
0.710159
0.679878
0.85123
0.701754
0.914156
0.70125
0.720398
0.677502
0.708474
0.786786
0.665726
0.781098
0.921337
0.466648
0.73071
0.480714
0.819185
0.457531
0.669413
0.875115
0.887858
0.669573
0.801584
0.83521
0.552531
0.708447
0.834676
0.529936
0.823459
0.75304
0.867238
0.836212
0.834235
0.518017
0.793945
0.770431
0.777825
0.744653
0.661994
0.805406
0.666243
0.88433
0.830936
0.785397
0.713691
0.535922
0.55392
0.703596
0.433238
0.825941
0.806176
0.659645
0.45377
0.542428
0.897609
0.918746
0.848534
0.746297
0.763022
0.467176
0.835924
0.835527
0.684824
0.820138
0.695989
0.661273
0.758238
0.827234
0.567287
0.691274
0.776017
0.849252
0.809988
0.416998
0.705804
0.927222
0.67683
0.715218
0.490311
0.587821
0.82039
0.417864
0.697624
0.885376
0.821061
0.880732
0.600982
0.717514
0.549427
