0.392672
0.382448
0.363365
0.403932
0.391025
0.365603
0.439957
0.405079
0.373234
0.425665
0.379536
0.414582
0.4115
0.411433
0.420229
0.406469
0.398073
0.397869
0.428505
0.442133
0.422253
0.437775
0.424606
0.443766
0.413815
0.416873
0.376631
0.416275
0.352926
0.461527
0.380521
0.473689
0.374559
0.445449
0.448711
0.442078
0.46695
0.448306
0.440884
0.465792
0.470336
0.515562
0.460003
0.447659
0.471415
0.412723
0.445821
0.499803
0.497826
0.46259
0.505839
0.59649
0.437082
0.500294
0.510898
0.487415
0.49182
0.474233
0.466909
0.528239
0.549113
0.533665
0.541863
0.502913
0.528837
0.537721
0.471197
0.579683
0.550589
0.614327
0.554524
0.565552
0.647913
0.560429
0.608018
0.591144
0.665642
0.789793
0.660932
0.666044
0.567256
0.753015
0.749368
0.691971
0.603545
0.664374
0.794916
0.666976
0.650024
0.694371
0.867676
0.76748
0.688915
0.804183
0.844244
0.756032
0.687583
0.788471
0.755325
0.845847
0.710789
0.795996
0.871796
0.837371
0.87908
0.878513
0.754153
0.828017
0.807184
0.84535
0.836064
0.794032
0.829539
0.844729
0.833111
0.723531
0.72438
0.635604
0.586119
0.767872
0.744935
0.787579
0.817876
0.425775
0.850892
0.847783
0.779442
0.814609
0.854313
0.919209
0.818173
0.833953
0.873694
0.818961
0.844661
0.783403
0.853314
0.901588
0.660185
0.734147
0.733466
0.761777
0.789429
0.692732
0.669582
0.800651
0.637137
0.672069
0.708977
0.900464
0.767806
0.813052
0.819455
0.706392
0.755965
0.807957
0.787128
0.770778
0.7228
0.864109
0.716092
0.772811
0.749061
0.878025
0.7761
0.927067
0.911635
0.78971
0.613109
0.693797
0.788164
0.926135
0.784564
0.850111
0.803713
0.892337
0.400359
0.63975
0.839197
0.792947
0.929816
0.741794
0.90674
0.761106
0.813707
0.750999
0.917205
0.802133
0.869224
0.653526
0.932406
0.903468
0.778397
0.710566
0.743311
0.895038
0.390886
0.821216
0.900928
0.671396
0.766542
0.840777
0.809508
0.538029
0.851355
0.909299
0.879564
0.764624
0.710195
0.647509
0.706048
0.713385
0.821456
0.843664
0.889875
0.46158
0.883229
0.52964
0.651787
0.494703
0.806597
0.669811
0.779332
0.683034
0.532481
0.829782
0.59891
0.698308
0.914042
0.587554
0.803877
0.841476
0.525869
0.878778
0.784272
0.5965
0.612829
0.81251
0.870099
0.682146
0.675471
0.895066
0.855296
0.890128
0.531569
0.880591
0.545997
0.727707
0.811458
0.789748
0.631309
0.495747
0.872153
0.544876
0.788933
0.490692
0.434014
0.468676
0.895344
0.691012
0.687957
0.7051
0.824132
0.85633
0.866186
0.359699
0.718189
0.817573
0.709245
0.463199
0.629545
0.583384
0.625878
0.797451
0.489554
0.55653
0.715756
0.448346
0.688958
0.730936
0.882519
0.724294
0.723777
0.698953
0.602865
