0.885708
0.825051
0.295063
0.917924
0.692732
0.669706
0.830999
0.631542
0.649927
0.63686
0.581456
0.689645
0.793556
0.760097
0.793299
0.805246
0.763296
0.916397
0.791321
0.823704
0.725
0.862802
0.712331
0.787161
0.880235
0.869043
0.733743
0.911158
0.829219
0.817545
0.612741
0.652017
0.783793
0.858296
0.714446
0.879606
0.799684
0.708837
0.454304
0.480298
0.698878
0.706712
0.883138
0.613637
0.794945
0.752339
0.832059
0.752975
0.700297
0.810388
0.653508
0.930994
0.926886
0.532853
0.521739
0.794008
0.543109
0.431515
0.832233
0.901519
0.666625
0.86767
0.661688
0.852948
0.910584
0.656028
0.732691
0.87963
0.746299
0.706993
0.66163
0.672759
0.762916
0.537183
0.564264
0.766455
0.921465
0.461003
0.741486
0.900725
0.624158
0.486685
0.766578
0.873465
0.888961
0.664435
0.82299
0.639456
0.653801
0.841521
0.658553
0.867462
0.769689
0.888797
0.415759
0.660346
0.742751
0.851096
0.754787
0.663617
0.683367
0.569316
0.897071
0.740782
0.844411
0.877791
0.754151
0.406856
0.934777
0.805942
0.813909
0.891963
0.541769
0.831994
0.543047
0.863013
0.702322
0.680295
0.739636
0.663249
0.821468
0.706917
0.63451
0.673239
0.872465
0.851654
0.715499
0.830542
0.898863
0.620252
0.723984
0.736867
0.764002
0.885299
0.749652
0.624987
0.874083
0.593789
0.606834
0.610946
0.707631
0.824806
0.474511
0.735086
0.932881
0.68593
0.567181
0.75153
0.710456
