0.885795
0.753249
0.827853
0.669672
0.798835
0.762826
0.778431
0.876109
0.872923
0.8459
0.733975
0.897764
0.782216
0.848048
0.796468
0.822761
0.823884
0.832682
0.836884
0.779272
0.730504
0.630893
0.576772
0.737185
0.773066
0.776599
0.804519
0.831921
0.623005
0.81357
0.711076
0.752928
0.764529
0.717495
0.678941
0.587381
0.729568
0.717079
0.742465
0.715215
0.752152
0.689914
0.716231
0.776395
0.760289
0.787594
0.692715
0.65209
0.826516
0.596722
0.653605
0.647012
0.493226
0.682291
0.849984
0.749336
0.801281
0.807125
0.778496
0.911997
0.793719
0.753445
0.728359
0.860133
0.721424
0.764002
0.791381
0.884972
0.76629
0.907792
0.746281
0.647987
0.618518
0.668391
0.78845
0.871907
0.855041
0.867905
0.822653
0.90231
0.930258
0.450281
0.605771
0.683137
0.910604
0.691819
0.73062
0.799295
0.757523
0.833607
0.729084
0.916802
0.707031
0.745836
0.870787
0.930688
0.893546
0.522957
0.799387
0.887883
0.519152
0.83108
0.903729
0.741257
0.850846
0.777487
0.822896
0.546484
0.711979
0.712999
0.690744
0.7095
0.58281
0.704076
0.770018
0.371656
0.724328
0.640471
0.500405
0.818331
0.873449
0.430743
0.637073
0.918766
0.899948
0.688659
0.923692
0.912209
0.704853
0.576397
0.763868
0.913143
0.922995
0.645008
0.866966
0.87725
0.73227
0.677619
0.733822
0.615311
0.886352
0.69893
0.75628
0.841949
0.627096
0.766251
0.835722
0.693755
0.79355
0.791915
0.811705
0.825201
0.636632
0.868574
0.804108
0.81783
0.567505
0.648732
0.911094
0.610786
0.76972
0.458825
0.544171
0.838621
0.889416
0.774927
0.487516
0.492302
0.536676
0.866761
0.778885
0.640376
0.585151
0.623745
0.75751
0.882688
0.502633
0.841983
0.90517
0.673015
0.705224
0.935756
0.829305
0.603306
0.850308
0.601382
0.634615
0.649412
0.473282
0.651611
0.740381
0.475549
0.631947
0.92378
0.889526
0.722478
0.757901
0.569833
