0.695607
0.734846
0.744047
0.717901
0.754546
0.664355
0.706683
0.830599
0.76076
0.800996
0.693096
0.665655
0.806132
0.610521
0.671615
0.647787
0.654048
0.682171
0.815167
0.761103
0.814597
0.789648
0.777639
0.911719
0.75494
0.819786
0.722683
0.862959
0.715728
0.788851
0.704042
0.871681
0.746795
0.926366
0.918553
0.67372
0.709947
0.651042
0.788688
0.894787
0.771096
0.860972
0.784638
0.885353
0.607105
0.588528
0.644125
0.909828
0.930558
0.743102
0.895825
0.76329
0.812455
0.795695
0.917456
0.826241
0.73203
0.838759
0.80239
0.923761
0.877639
0.484559
0.795119
0.548968
0.929997
0.403575
0.904228
0.646636
0.684538
0.766314
0.643777
0.907512
0.670891
0.844457
0.776659
0.910113
0.505963
0.797623
0.823219
0.78144
0.862026
0.520751
0.917781
0.491373
0.819888
0.627151
0.668454
0.675204
0.465561
0.892422
0.566428
0.820022
0.870546
0.922938
0.625903
0.817239
0.861133
0.712714
0.854652
0.76156
0.538783
0.911872
0.752198
0.777727
0.757956
0.677896
0.817435
0.661198
0.730269
0.739823
0.738077
0.577674
0.924464
0.728201
0.908461
0.832231
0.657667
0.811064
0.924046
0.611894
0.785866
0.795512
0.519289
0.677816
0.892105
0.527953
0.777012
0.905056
0.689171
0.900018
0.641156
0.61385
0.637563
0.741965
0.830929
0.612925
0.692235
0.519938
0.685808
0.920637
0.702927
0.460325
0.61892
0.818731
0.880006
0.501278
0.899129
0.857675
0.649404
0.428969
0.656534
0.605815
0.466778
0.535554
0.929252
0.814699
0.864257
0.604763
0.496103
0.581991
