0.769627
0.589202
0.811429
0.604629
0.55179
0.708408
0.772243
0.713459
0.699784
0.743654
0.701083
0.77632
0.833433
0.802157
0.792907
0.813857
0.797525
0.824008
0.761112
0.872238
0.704342
0.84427
0.845312
0.816607
0.877573
0.804433
0.879353
0.849448
0.845986
0.828887
0.875672
0.923389
0.826578
0.762145
0.721176
0.671462
0.628632
0.787873
0.723736
0.776158
0.81333
0.835123
0.618769
0.809901
0.686588
0.678764
0.727907
0.78671
0.741971
0.687109
0.687257
0.716482
0.716011
0.737382
0.752114
0.702885
0.693155
0.834469
0.759763
0.812393
0.693096
0.666226
0.830603
0.623084
0.683678
0.638542
0.898339
0.781437
0.809077
0.834718
0.719183
0.77062
0.79068
0.775384
0.761259
0.728469
0.864436
0.717695
0.788041
0.789823
0.877703
0.759868
0.901525
0.866184
0.807363
0.615212
0.623832
0.793081
0.87001
0.701752
0.871685
0.804651
0.914402
0.776927
0.488004
0.595312
0.833548
0.792855
0.930567
0.745913
0.820036
0.763227
0.81593
0.78291
0.716109
0.841174
0.840448
0.705965
0.930877
0.797522
0.551238
0.80477
0.619701
0.901712
0.756332
0.640196
0.887548
0.734777
0.673928
0.729747
0.639019
0.906275
0.71791
0.540003
0.563389
0.699243
0.790865
0.780052
0.871275
0.724167
0.916168
0.471236
0.856974
0.617772
0.756528
0.874501
0.662199
0.687716
0.743595
0.584741
0.766509
0.928882
0.710022
0.712809
0.916122
0.766684
0.670336
0.916233
0.596543
0.389334
0.757799
0.797425
0.694247
0.663706
0.774016
0.668088
0.888727
0.845561
0.713289
0.525703
0.750461
0.620223
0.853446
0.656536
0.837313
0.924743
0.714661
0.770123
0.650924
0.752012
0.834087
0.777155
0.45992
0.678594
0.673878
0.849999
0.71175
0.465127
0.853719
0.539412
0.85135
0.715654
0.500237
0.897972
0.646151
0.69814
0.633957
0.720978
0.383484
0.933686
0.688931
0.603375
0.601008
0.655252
0.736795
0.445914
0.658295
0.749243
0.862531
0.481424
0.724547
0.920694
0.832607
0.728107
0.773472
0.735724
0.531352
