0.71355
0.712358
0.787275
0.706697
0.776663
0.648046
0.662954
0.829843
0.761973
0.826787
0.722071
0.831053
0.730055
0.848077
0.779501
0.871308
0.779472
0.878125
0.887533
0.761472
0.829983
0.813081
0.849538
0.808845
0.822097
0.804132
0.816968
0.836883
0.762145
0.761887
0.660866
0.642607
0.794765
0.722559
0.785246
0.804495
0.833309
0.634125
0.809432
0.707814
0.753471
0.735003
0.786626
0.74403
0.587118
0.707524
0.725521
0.715781
0.740521
0.750512
0.712158
0.732096
0.831563
0.726171
0.786794
0.692747
0.568212
0.821542
0.616294
0.675678
0.639745
0.822195
0.761144
0.813198
0.756195
0.726948
0.770048
0.785481
0.785767
0.819786
0.670157
0.861381
0.714423
0.78344
0.8622
0.70851
0.855167
0.899723
0.798382
0.627403
0.630053
0.784882
0.925964
0.886909
0.867098
0.79139
0.892236
0.55652
0.621718
0.887235
0.931853
0.733545
0.813903
0.735066
0.808532
0.799009
0.91635
0.768984
0.834524
0.80141
0.930628
0.499638
0.547712
0.560172
0.618296
0.621456
0.632676
0.740813
0.890491
0.773727
0.720411
0.839021
0.802983
0.495243
0.776725
0.510038
0.657676
0.705371
0.847405
0.81792
0.921227
0.46856
0.628612
0.544718
0.814775
0.733894
0.690541
0.925299
0.68044
0.803356
0.689165
0.560608
0.760841
0.825435
0.923005
0.740547
0.906803
0.916192
0.712842
0.83373
0.517708
0.647309
0.601285
0.912031
0.815825
0.791996
0.704161
0.721773
0.861302
0.59518
0.485471
0.833359
0.834693
0.782656
0.596329
0.811681
0.543903
0.80863
0.646669
0.821853
0.460908
0.899444
0.571572
0.801794
0.542428
0.898058
0.696916
0.678258
0.765284
0.4752
0.756158
0.712743
0.706045
0.762003
0.864071
0.735668
0.834767
0.642614
0.65391
0.809721
0.745925
0.640783
0.726026
0.604352
0.75502
0.687543
0.873226
0.670526
0.4508
0.605657
0.840206
0.482289
0.54831
0.653767
0.839176
0.544056
0.676286
0.669507
0.60617
