0.829891
0.737675
0.620488
0.809631
0.728921
0.867447
0.931105
0.604659
0.80025
0.725033
0.821152
0.887043
0.529689
0.800466
0.901687
0.646636
0.689548
0.838344
0.745808
0.863746
0.914688
0.777042
0.791383
0.70762
0.605151
0.799693
0.464377
0.821174
0.660633
0.771921
0.921639
0.459823
0.729689
0.687247
0.614365
0.875257
0.445821
0.600899
0.739663
0.885953
0.680906
0.816555
0.71336
0.784194
0.899394
0.917457
0.442521
0.896367
0.772112
0.698034
0.931334
0.713553
0.527439
0.894162
0.912404
0.785508
0.709406
0.738387
0.860228
0.678645
0.7911
0.741749
0.560371
0.69869
0.793795
0.833399
0.802041
0.685566
0.797619
0.677294
0.515928
0.665037
0.674083
0.663536
0.542634
0.545618
0.670539
0.868119
0.661238
0.464723
0.651418
0.672645
0.903932
0.812789
0.869321
0.690658
0.716728
0.911589
0.677566
0.745698
0.580465
0.524308
0.624322
0.640921
0.858313
0.853624
0.425902
0.712379
0.739384
0.873747
0.467139
0.677194
0.846926
0.83969
0.463012
0.733844
0.569847
