0.347729
0.395726
0.361427
0.379115
0.35957
0.368797
0.399807
0.39748
0.376065
0.341923
0.365991
0.37214
0.402036
0.392107
0.361569
0.396813
0.394451
0.370013
0.402239
0.389969
0.420267
0.396546
0.410528
0.396991
0.426293
0.450216
0.360724
0.438486
0.414721
0.43642
0.38065
0.425475
0.439388
0.40741
0.457831
0.420623
0.383429
0.420875
0.432055
0.470891
0.390792
0.436625
0.359761
0.432893
0.473042
0.391246
0.511008
0.461944
0.452598
0.43216
0.453861
0.440301
0.487296
0.438889
0.460757
0.444631
0.508608
0.507518
0.495148
0.446745
0.569948
0.461573
0.378137
0.507986
0.522892
0.465615
0.560188
0.493658
0.553155
0.562113
0.479924
0.574691
0.542703
0.642857
0.528588
0.553017
0.63547
0.60054
0.598184
0.655961
0.491733
0.612361
0.655703
0.712191
0.794045
0.665059
0.639253
0.724626
0.758262
0.701711
0.65332
0.657207
0.731054
0.72923
0.767352
0.705536
0.733203
0.660558
0.77951
0.841021
0.816268
0.724874
0.841724
0.744685
0.835752
0.693912
0.787701
0.704342
0.852925
0.843314
0.810874
0.855845
0.774522
0.849492
0.78538
0.82336
0.805063
0.875169
0.790685
0.811582
0.78693
0.73065
0.656409
0.609641
0.790013
0.783829
0.776084
0.805068
0.808857
0.727178
0.813998
0.706451
0.694647
0.764377
0.712658
0.732573
0.570455
0.733648
0.684678
0.751317
0.714729
0.750896
0.692522
0.7252
0.835241
0.760883
0.786617
0.692732
0.670229
0.832725
0.616917
0.673098
0.630883
0.662994
0.684308
0.84176
0.728635
0.792381
0.797993
0.777686
0.918587
0.788122
0.801673
0.793666
0.788535
0.866524
0.91186
0.781419
0.732723
0.83309
0.683439
0.855266
0.61449
0.651894
0.795393
0.912982
0.777002
0.86096
0.803765
0.88987
0.717582
0.605538
0.69235
0.930321
0.645533
0.74768
0.82109
0.752346
0.812147
0.740512
0.596375
0.803397
0.746517
0.870359
0.930925
0.798461
0.604426
0.803092
0.897027
0.546708
0.771269
0.885418
0.764958
0.683436
0.761325
0.852162
0.907218
0.582187
0.86219
0.913214
0.546999
0.857426
0.669494
0.782659
0.92238
0.755243
0.882198
0.581952
0.84422
0.904231
0.436161
0.577863
0.539865
0.895997
0.675533
0.858589
0.91378
0.521262
0.824886
0.923678
0.646383
0.915356
0.769103
0.82679
0.842389
0.486765
0.925793
0.752059
0.636301
0.623191
0.762578
0.784493
0.655558
0.487461
0.843112
0.84528
0.670785
0.609383
0.477357
0.837872
0.814212
0.804346
0.543587
0.628381
0.734171
0.631978
0.824427
0.726415
0.561957
0.568248
0.658867
0.691375
0.483102
0.770418
0.578743
0.859413
0.7184
0.809422
0.498288
0.911004
0.645886
0.884433
0.803438
0.751416
0.83114
0.681271
0.539027
0.662875
0.694047
0.462138
0.695886
0.864451
0.401102
0.68985
0.802936
0.880103
0.58917
0.649282
0.568205
