0.86713
0.650192
0.755119
0.82825
0.777153
0.810762
0.7486
0.864065
0.758988
0.750265
0.768191
0.876233
0.816529
0.773275
0.867939
0.772624
0.866697
0.798337
0.846211
0.840088
0.791929
0.823946
0.788324
0.82447
0.721646
0.774274
0.716213
0.669363
0.586151
0.739994
0.76358
0.785316
0.808561
0.814392
0.625626
0.815552
0.710762
0.677293
0.669904
0.716989
0.740713
0.587711
0.688182
0.692535
0.716686
0.715008
0.749803
0.712114
0.729116
0.836689
0.75144
0.811517
0.692732
0.670876
0.827424
0.59215
0.680549
0.641345
0.643471
0.684363
0.797777
0.753506
0.816079
0.809122
0.777446
0.915026
0.607731
0.741845
0.729941
0.866506
0.702612
0.788832
0.700994
0.877747
0.718988
0.913095
0.918569
0.789234
0.712408
0.649397
0.789006
0.820981
0.77073
0.854704
0.783837
0.890196
0.604709
0.524904
0.641949
0.912504
0.644999
0.749578
0.816708
0.781958
0.813894
0.736848
0.668993
0.744204
0.745833
0.842443
0.930867
0.864731
0.708486
0.713325
0.588877
0.866188
0.629213
0.77713
0.844088
0.770419
0.659716
0.83828
0.769082
0.803057
0.589036
0.720902
0.711797
0.729692
0.724905
0.853167
0.631318
0.773638
0.875258
0.459755
0.63577
0.656121
0.614471
0.45206
0.611061
0.880382
0.749307
0.77915
0.830608
0.700834
0.578757
0.819824
0.924079
0.923027
0.649721
0.779825
0.91906
0.720064
0.700488
0.829352
0.500591
0.775078
0.89435
0.795927
0.656479
0.613516
0.865112
0.678641
0.867923
0.581387
0.785083
0.451018
0.618439
0.838688
0.816484
0.834927
0.529672
0.461825
0.52994
0.669659
0.743258
0.713237
0.748336
0.453083
0.723796
0.838333
0.479349
0.764845
0.923037
0.679649
0.749628
0.809905
0.503706
0.648539
0.74234
0.718826
0.61659
0.704043
0.604318
0.583714
0.757492
0.798273
0.440313
0.697624
0.87768
0.543462
0.695702
0.721367
0.755703
0.880632
0.544365
0.679484
0.743945
