0.77314
0.801669
0.80862
0.853539
0.911812
0.881877
0.738291
0.929251
0.7379
0.854644
0.661039
0.663874
0.793124
0.928719
0.765311
0.789796
0.72477
0.890084
0.640851
0.638988
0.912505
0.933054
0.733379
0.814914
0.643578
0.856164
0.763646
0.661047
0.802464
0.755328
0.86706
0.93123
0.838966
0.817053
0.53557
0.794737
0.88788
0.739783
0.707401
0.726851
0.808044
0.653425
0.670719
0.763164
0.857965
0.906418
0.786574
0.708503
0.706592
0.710394
0.803244
0.6665
0.781015
0.921661
0.467095
0.71661
0.608078
0.835454
0.891294
0.456058
0.710513
0.876941
0.67329
0.840734
0.670293
0.586763
0.806582
0.833264
0.611835
0.734307
0.623723
0.672452
0.8813
0.836052
0.502312
0.499114
0.75932
0.795979
0.68046
0.758203
0.861689
0.664524
0.77608
0.706913
0.478374
0.740142
0.621333
0.897989
0.804481
0.809701
0.653679
0.613468
0.924577
0.629478
0.79237
0.652932
0.73325
0.91347
0.750872
0.665638
0.604324
0.642474
0.575095
0.678438
0.82183
0.908882
0.673808
0.898353
0.719371
0.868978
0.642454
0.753019
0.622787
0.921372
0.765687
0.876431
0.586008
0.631168
0.60854
0.598874
0.660942
0.607517
0.402856
0.695886
0.809047
0.669545
0.919658
0.746079
0.47394
0.520317
