0.769767
0.799416
0.786839
0.758826
0.722441
0.861628
0.715607
0.787153
0.700514
0.8756
0.715708
0.929172
0.92104
0.725169
0.623008
0.708558
0.795278
0.905
0.782382
0.866143
0.789451
0.885866
0.59856
0.684616
0.93058
0.932863
0.741039
0.885925
0.856017
0.793411
0.718804
0.816445
0.713899
0.786563
0.930994
0.884942
0.544222
0.806536
0.610333
0.437155
0.778143
0.903138
0.741101
0.730962
0.773059
0.740123
0.758815
0.888568
0.710428
0.657545
0.754952
0.791727
0.665821
0.780667
0.922186
0.509665
0.916915
0.533379
0.821184
0.416782
0.806628
0.708647
0.799673
0.781491
0.621016
0.757012
0.929481
0.922997
0.636442
0.915774
0.737241
0.778468
0.844641
0.46978
0.923059
0.772709
0.788867
0.685698
0.768947
0.75861
0.817591
0.678026
0.730141
0.885483
0.89591
0.889141
0.638367
0.864514
0.557594
0.637601
0.795897
0.50959
0.873655
0.53343
0.65414
0.821551
0.672744
0.552603
0.72765
0.755663
0.689483
0.630682
0.847205
0.674966
0.775431
0.841468
0.698897
0.678689
0.920363
0.727721
0.463886
0.921383
0.612275
0.608518
0.685453
0.588306
0.742522
0.456158
0.699567
0.712115
0.565576
0.579513
0.57145
0.875425
0.799659
0.641735
0.680286
