0.325802
0.328073
0.349024
0.357857
0.34904
0.342312
0.359345
0.347741
0.34017
0.312142
0.357097
0.35487
0.363351
0.340975
0.358577
0.358314
0.371247
0.349496
0.370713
0.359712
0.36768
0.363495
0.383212
0.343694
0.37354
0.391578
0.338888
0.378639
0.367104
0.366992
0.400626
0.363703
0.401134
0.40466
0.392922
0.430078
0.381504
0.430335
0.425938
0.405779
0.362781
0.393598
0.412895
0.462334
0.347903
0.394497
0.391841
0.379655
0.428814
0.400983
0.445315
0.431275
0.39937
0.405236
0.394409
0.394082
0.466346
0.435495
0.435983
0.457807
0.453195
0.516192
0.392405
0.417881
0.431272
0.418259
0.481072
0.43078
0.44533
0.422809
0.473395
0.472114
0.455644
0.448031
0.477963
0.471032
0.459622
0.448556
0.459089
0.396337
0.494158
0.468171
0.501711
0.45266
0.576811
0.432534
0.4795
0.483188
0.480414
0.532554
0.525893
0.470887
0.580784
0.541068
0.391886
0.521396
0.477495
0.602286
0.509909
0.532724
0.602513
0.589458
0.568778
0.480261
0.63071
0.598186
0.616192
0.592624
0.623695
0.672143
0.686367
0.688493
0.601467
0.729592
0.742419
0.711549
0.717321
0.595027
0.671195
0.707536
0.747859
0.723034
0.696448
0.75383
0.628158
0.832891
0.785003
0.837418
0.771931
0.870743
0.755856
0.819581
0.680486
0.796451
0.754162
0.825423
0.860508
0.808683
0.830814
0.787594
0.818391
0.838688
0.82074
0.829615
0.843847
0.834798
0.751672
0.761406
0.633808
0.572189
0.795449
0.78632
0.786074
0.825322
0.772921
0.600004
0.811712
0.717588
0.75375
0.742069
0.7416
0.694993
0.587118
0.706916
0.713722
0.744492
0.729536
0.752658
0.692681
0.731619
0.835715
0.746981
0.788941
0.692732
0.67135
0.804016
0.563923
0.676555
0.706151
0.589606
0.682919
0.81822
0.761437
0.815512
0.805622
0.76581
0.916514
0.768403
0.771408
0.807536
0.831856
0.880449
0.912557
0.877919
0.667458
0.921118
0.828125
0.811324
0.641176
0.658035
0.794554
0.870271
0.709303
0.894125
0.807969
0.910696
0.56613
0.692381
0.909116
0.674913
0.86079
0.815827
0.824022
0.852153
0.889867
0.648996
0.810777
0.73722
0.872473
0.603189
0.890167
0.779673
0.786946
0.897961
0.535988
0.722039
0.839088
0.767884
0.7297
0.790272
0.802701
0.591436
0.759261
0.782314
0.728258
0.821637
0.825078
0.631013
0.746402
0.900797
0.528463
0.864476
0.597365
0.876675
0.885732
0.565238
0.804392
0.775079
0.713599
0.684296
0.640077
0.919795
0.662088
0.67009
0.760999
0.881509
0.829613
0.499166
0.823967
0.742536
0.849208
0.717775
0.772914
0.817423
0.617357
0.798781
0.724591
0.806215
0.805236
0.602074
0.888028
0.618578
0.895812
0.733977
0.655098
0.722002
0.787588
0.83021
0.50023
0.640669
0.74231
0.583322
0.714985
0.686454
0.551013
0.729613
0.52407
0.572563
0.630581
0.730978
0.789745
0.496885
0.648311
0.702548
0.809664
0.742959
0.455873
0.916457
0.535378
0.622978
0.600535
0.908263
0.697807
0.440481
0.916293
0.748599
0.819068
0.498672
0.702316
0.740366
0.778724
0.57475
0.733396
0.565137
