0.814659
0.462529
0.911436
0.749652
0.843709
0.757384
0.684618
0.724637
0.800388
0.681588
0.74279
0.704741
0.636648
0.835927
0.935388
0.915637
0.663725
0.808169
0.784937
0.90871
0.570342
0.878522
0.836918
0.728396
0.808854
0.751774
0.559301
0.697708
0.798004
0.608753
0.751054
0.609359
0.90001
0.740539
0.825332
0.620027
0.70165
0.850682
0.846705
0.404374
0.704922
0.631244
0.654188
0.879656
0.781844
0.579828
0.66917
0.637895
0.659827
0.709398
0.904094
0.55836
0.677647
0.795491
0.746382
0.550214
0.496686
