0.436894
0.417009
0.413174
0.358771
0.40976
0.437021
0.456797
0.401348
0.445149
0.436099
0.434417
0.371682
0.519965
0.433671
0.473508
0.437662
0.418194
0.484165
0.428559
0.519327
0.456254
0.472791
0.509996
0.421889
0.493186
0.487995
0.442912
0.485288
0.384526
0.482824
0.504094
0.586052
0.514817
0.500833
0.534089
0.510751
0.525924
0.54458
0.524449
0.538195
0.575141
0.537684
0.480027
0.535619
0.635408
0.583891
0.578537
0.614389
0.602423
0.491883
0.622143
0.516551
0.569783
0.7136
0.712357
0.768528
0.657708
0.593902
0.57706
0.772186
0.692777
0.688388
0.700236
0.723959
0.787954
0.711938
0.713235
0.710098
0.732574
0.651492
0.612723
0.830769
0.777691
0.78575
0.720436
0.831069
0.809477
0.831125
0.681121
0.7879
0.705078
0.833944
0.866927
0.810963
0.830301
0.805174
0.879385
0.848293
0.801697
0.83533
0.875103
0.920972
0.8139
0.737533
0.786547
0.740265
0.641143
0.648266
0.747736
0.769661
0.775767
0.80307
0.822279
0.655118
0.81396
0.686503
0.682336
0.732534
0.78015
0.738002
0.554321
0.740104
0.740808
0.74324
0.741467
0.748647
0.704106
0.700989
0.8218
0.758964
0.802964
0.695516
0.665646
0.81229
0.630859
0.682636
0.653662
0.73419
0.782163
0.803155
0.829536
0.712985
0.767951
0.801142
0.786853
0.746464
0.728773
0.864779
0.708966
0.788819
0.74779
0.894202
0.659755
0.927146
0.906164
0.72778
0.625147
0.66068
0.79188
0.918865
0.665757
0.855462
0.82085
0.877169
0.585437
0.664166
0.920478
0.648889
0.748048
0.811832
0.760058
0.815337
0.737761
0.915676
0.753386
0.83409
0.794563
0.911135
0.841686
0.791798
0.802694
0.899467
0.687194
0.55155
0.832554
0.851119
0.726995
0.789971
0.794192
0.801422
0.588482
0.537454
0.679028
0.643722
0.723776
0.821454
0.687075
0.875628
0.518349
0.720897
0.677497
0.875282
0.488129
0.624017
0.877972
0.898499
0.686794
0.883442
0.905762
0.636766
0.78155
0.81892
0.888234
0.573788
0.756819
0.769099
0.84464
0.510364
0.61563
0.492126
0.926257
0.752551
0.790946
0.757543
0.72769
0.816543
0.670306
0.622633
0.844809
0.719373
0.533279
0.815856
0.621097
0.864578
0.828778
0.842119
0.88533
0.531311
0.821284
0.634616
0.903822
0.823441
0.70428
0.582916
0.671809
0.595866
0.713312
0.641544
0.914952
0.632547
0.815621
0.887435
0.703492
0.626691
0.913557
0.737312
0.455263
0.935682
0.716993
0.675421
0.691951
0.604768
0.793074
0.405972
0.713284
0.728617
0.744501
0.934669
0.801115
0.571088
0.595448
0.617675
