0.59658
0.600083
0.638882
0.558289
0.580254
0.504545
0.697101
0.630192
0.697124
0.541724
0.783367
0.709726
0.691341
0.759343
0.668742
0.730274
0.745614
0.727584
0.693857
0.866819
0.687907
0.611867
0.823776
0.784732
0.831564
0.748248
0.841388
0.75642
0.736151
0.829812
0.870625
0.765007
0.809133
0.87851
0.789754
0.873397
0.800941
0.846439
0.786161
0.788343
0.811955
0.803369
0.829462
0.766161
0.729774
0.635173
0.711098
0.795605
0.777032
0.74493
0.745242
0.822883
0.60891
0.798492
0.710266
0.760639
0.728064
0.753503
0.740798
0.548299
0.733616
0.730732
0.744927
0.712576
0.748923
0.666777
0.704881
0.82058
0.756538
0.823913
0.69192
0.631523
0.821494
0.636353
0.651038
0.644092
0.419986
0.683885
0.856777
0.750062
0.820697
0.805529
0.759919
0.908284
0.778379
0.828222
0.723652
0.876489
0.700382
0.736433
0.700625
0.893441
0.730063
0.930074
0.738317
0.855224
0.787464
0.827693
0.749457
0.926161
0.885722
0.86068
0.803776
0.871835
0.624883
0.561748
0.710789
0.63886
0.699791
0.747445
0.799678
0.874224
0.86705
0.675202
0.814811
0.631199
0.724078
0.851571
0.905365
0.806395
0.583138
0.788707
0.895166
0.546023
0.755298
0.881071
0.704163
0.838153
0.773124
0.792717
0.594233
0.924512
0.709887
0.647082
0.916865
0.546999
0.752615
0.862787
0.411275
0.749028
0.917781
0.546178
0.868051
0.768299
0.877301
0.881294
0.68775
0.84605
0.704001
0.585885
0.667938
0.91905
0.656241
0.798147
0.862123
0.840787
0.892523
0.814896
0.539484
0.637026
0.849377
0.823094
0.725779
0.80368
0.80124
0.697884
0.578941
0.60399
0.91422
0.844622
0.698309
0.778846
0.900038
0.814772
0.852418
0.531264
0.73105
0.548742
0.893479
0.68838
0.68278
0.472352
0.782621
0.749224
0.583092
0.529864
0.754509
0.621626
0.797103
0.913707
0.755119
0.808346
0.525698
0.845146
0.848212
0.406755
0.856639
0.762939
0.541559
0.542131
0.743766
0.513556
0.7068
0.855243
0.695721
0.413681
0.610125
0.734326
0.676354
0.907018
0.546857
0.498866
