0.392291
0.428006
0.472235
0.466746
0.425641
0.432466
0.421734
0.506441
0.341214
0.48315
0.427154
0.520321
0.474757
0.472901
0.457757
0.465905
0.449674
0.447015
0.463752
0.435481
0.413611
0.494414
0.494901
0.502062
0.498137
0.452823
0.45161
0.434269
0.4843
0.508793
0.50306
0.568664
0.534981
0.487572
0.545287
0.539532
0.556709
0.500829
0.520513
0.49913
0.609162
0.569878
0.635209
0.578287
0.572947
0.635876
0.564038
0.586192
0.640998
0.641518
0.549106
0.588346
0.703387
0.716809
0.686369
0.570132
0.634845
0.772308
0.666928
0.583685
0.612656
0.527961
0.790184
0.730883
0.770952
0.873686
0.724482
0.652393
0.678459
0.828587
0.784776
0.841312
0.802575
0.759512
0.818543
0.673318
0.811451
0.745003
0.854034
0.866373
0.82151
0.878189
0.812276
0.849027
0.827489
0.855527
0.820154
0.876475
0.737997
0.828639
0.742892
0.715646
0.684669
0.645891
0.744398
0.771106
0.775686
0.795155
0.835
0.596232
0.808211
0.679284
0.693017
0.759634
0.742786
0.655267
0.555622
0.707141
0.705895
0.751707
0.714152
0.840063
0.916544
0.701361
0.730375
0.701832
0.675702
0.800285
0.692732
0.620804
0.816086
0.629388
0.671562
0.63977
0.671065
0.765766
0.792722
0.742818
0.739494
0.755615
0.808415
0.797611
0.814014
0.729955
0.872998
0.71285
0.787205
0.701054
0.882018
0.704096
0.922347
0.76028
0.855092
0.682623
0.628036
0.793694
0.759076
0.78693
0.85978
0.821529
0.893821
0.454615
0.5973
0.68463
0.802112
0.929817
0.555566
0.616511
0.867303
0.890416
0.868679
0.917968
0.766823
0.867395
0.801834
0.852441
0.851657
0.848385
0.604561
0.67174
0.610147
0.883467
0.729548
0.779221
0.857903
0.791093
0.684898
0.881617
0.785402
0.908046
0.781003
0.638033
0.623235
0.518255
0.824001
0.810411
0.874854
0.447335
0.917826
0.473201
0.596435
0.887457
0.687561
0.487274
0.86498
0.693619
0.878176
0.677014
0.903618
0.918849
0.680839
0.622783
0.77957
0.927696
0.642956
0.747263
0.916392
0.8135
0.881006
0.865584
0.56385
0.536847
0.742717
0.626766
0.674995
0.682669
0.8657
0.675422
0.786573
0.747664
0.618522
0.849644
0.620912
0.863333
0.543039
0.773214
0.795193
0.903711
0.569108
0.662576
0.512507
0.620301
0.771418
0.760681
0.452674
0.80259
0.52767
0.52617
0.677502
0.480975
0.882378
0.683736
0.515704
0.777859
0.835408
0.81366
0.725681
0.542863
0.931171
0.808043
0.607615
0.719413
0.82609
0.826465
0.44857
0.923766
0.75176
0.74456
0.572445
0.468539
0.781598
0.87856
0.709571
0.540684
0.659967
0.610876
0.761002
