0.713652
0.762545
0.686807
0.488593
0.57809
0.771915
0.713654
0.587309
0.78422
0.585182
0.708624
0.697733
0.767853
0.867934
0.609956
0.717459
0.779912
0.839515
0.80765
0.726717
0.831266
0.758335
0.818724
0.774551
0.787672
0.803604
0.809103
0.824886
0.839316
0.822102
0.875277
0.759639
0.81939
0.835669
0.818593
0.823258
0.805146
0.812826
0.709306
0.737136
0.706474
0.589886
0.795203
0.715477
0.777889
0.820498
0.771874
0.605371
0.816765
0.665491
0.752264
0.754209
0.775964
0.678041
0.572303
0.672959
0.71813
0.744329
0.729744
0.752199
0.700415
0.72881
0.825633
0.761452
0.808778
0.701911
0.591729
0.782554
0.620036
0.670625
0.701403
0.501694
0.727643
0.836976
0.729259
0.791359
0.809411
0.797324
0.916514
0.796313
0.772802
0.7228
0.86281
0.713801
0.781497
0.404409
0.707469
0.849295
0.931591
0.749607
0.852168
0.630156
0.657384
0.793832
0.756188
0.858292
0.815355
0.869734
0.846973
0.637637
0.645127
0.764185
0.867002
0.820766
0.852656
0.801774
0.654414
0.786552
0.846423
0.787533
0.858132
0.8009
0.556672
0.782056
0.868985
0.552109
0.698369
0.891606
0.739584
0.729427
0.661617
0.86243
0.907397
0.678079
0.884948
0.59119
0.663305
0.808418
0.650694
0.780921
0.921585
0.851098
0.746004
0.648814
0.69762
0.429539
0.728251
0.730346
0.612818
0.824632
0.830958
0.559897
0.779602
0.922715
0.578646
0.91529
0.542876
0.785436
0.634905
0.905509
0.759907
0.770346
0.773888
0.612803
0.695855
0.865601
0.686205
0.797109
0.802436
0.595855
0.83854
0.570821
0.887241
0.43508
0.458386
0.803209
0.893492
0.600766
0.843334
0.93056
0.583337
0.659423
0.716335
0.637871
0.748567
0.458385
0.714308
0.827808
0.847049
0.812836
0.721324
0.497923
0.664049
0.895955
0.727707
0.765764
0.923003
0.652264
0.72077
0.592132
0.590637
0.796657
0.469488
0.809496
0.919554
0.462918
0.544716
0.728503
0.644113
0.833129
0.624425
0.566035
0.742916
