0.699272
0.793185
0.926403
0.882133
0.854704
0.795163
0.893822
0.431945
0.678194
0.91158
0.690366
0.742357
0.819843
0.734885
0.810159
0.808581
0.653277
0.788292
0.846459
0.654608
0.932915
0.847375
0.617716
0.650701
0.59053
0.899824
0.65323
0.553643
0.750103
0.906549
0.675207
0.852584
0.76488
0.80678
0.780253
0.841068
0.569003
0.723997
0.823905
0.859523
0.921393
0.459854
0.624988
0.473021
0.809159
0.687599
0.727963
0.687578
0.836108
0.918938
0.726087
0.614031
0.823215
0.680484
0.702977
0.90393
0.832769
0.908255
0.922863
0.587625
0.579128
0.828296
0.818542
0.747815
0.656221
0.754017
0.7876
0.689147
0.790609
0.718014
0.480908
0.853494
0.621688
0.789018
0.806044
0.847953
0.812252
0.531654
0.45472
0.516524
0.749288
0.708819
0.703872
0.662751
0.70776
0.463973
0.862532
0.822083
0.808845
0.649342
0.893655
0.760691
0.699637
0.835408
0.71892
0.724339
0.896869
0.861133
0.846161
0.661441
0.732048
0.852414
0.834912
0.495061
0.658894
0.875936
0.485531
0.589013
0.837665
0.90505
0.756472
0.675566
0.526463
