0.774384
0.76537
0.635846
0.611406
0.788099
0.787241
0.740967
0.80473
0.833378
0.723733
0.800216
0.711227
0.76469
0.709303
0.712672
0.625946
0.587343
0.734476
0.71454
0.752584
0.736241
0.74738
0.707985
0.692729
0.8302
0.761693
0.812608
0.695516
0.67283
0.815912
0.626943
0.650322
0.638258
0.501141
0.775106
0.86649
0.729952
0.785124
0.810431
0.766168
0.90849
0.915666
0.787481
0.838179
0.830756
0.88288
0.92364
0.877782
0.680742
0.86412
0.714344
0.858268
0.792697
0.864999
0.751191
0.766243
0.818861
0.855594
0.819106
0.889719
0.742762
0.387172
0.598332
0.669578
0.935378
0.684361
0.88164
0.796896
0.762566
0.811711
0.740981
0.916074
0.801486
0.823961
0.870141
0.831533
0.80612
0.877794
0.604426
0.621584
0.907718
0.597251
0.77582
0.556185
0.735153
0.853422
0.817111
0.664317
0.768523
0.782319
0.804745
0.590309
0.923546
0.842286
0.669328
0.719542
0.807557
0.929223
0.647226
0.671546
0.927486
0.69738
0.502736
0.870794
0.878701
0.888116
0.633996
0.834497
0.67961
0.543281
0.642409
0.649755
0.880628
0.818257
0.797663
0.858445
0.537821
0.902107
0.870241
0.741471
0.63062
0.795391
0.770073
0.664261
0.708542
0.785345
0.69594
0.577251
0.674076
0.806682
0.924928
0.821538
0.56844
0.821933
0.578821
0.749834
0.917872
0.564757
0.729796
0.578329
0.640669
0.708152
0.814092
0.664495
0.546088
0.453435
0.799745
0.866812
0.701408
0.538126
0.84639
0.603777
0.862079
0.813127
0.834136
0.926264
0.62659
0.91284
0.736585
0.86228
0.587175
0.75135
0.434692
0.869134
0.796762
0.895262
0.86124
0.410056
0.632961
0.874003
0.461898
0.512229
0.705409
0.805218
0.849114
0.518738
0.745695
0.715064
0.80674
