0.586622
0.870558
0.440343
0.651875
0.541672
0.782468
0.550675
0.667652
0.892134
0.768929
0.673319
0.716168
0.865744
0.907669
0.898715
0.668563
0.878319
0.819992
0.71446
0.698835
0.619351
0.713037
0.826903
0.823834
0.767517
0.922074
0.919875
0.762526
0.915973
0.587757
0.859365
0.44241
0.682224
0.817719
0.82963
0.838923
0.546249
0.770035
0.814693
0.922997
0.77535
0.9036
0.860513
0.733475
0.784637
0.860285
0.502739
0.817584
0.723309
0.838041
0.626498
0.773943
0.800391
0.67369
0.783382
0.86957
0.84728
0.893327
0.453242
0.881161
0.870685
0.645138
0.811071
0.69347
0.515114
0.666176
0.673753
0.570571
0.836749
0.679207
0.557008
0.786107
0.813509
0.899277
0.791912
0.827548
0.690182
0.526123
0.69269
0.765308
0.410215
0.703011
0.935758
0.746453
0.600654
0.528958
0.860999
0.458384
0.924139
0.70966
0.919566
0.482202
0.731857
0.632564
0.713926
0.703619
0.766613
0.738036
0.558452
0.507109
0.752917
