0.356818
0.361676
0.361061
0.369678
0.342972
0.362277
0.370399
0.304337
0.340261
0.321104
0.380191
0.366787
0.355159
0.356428
0.383557
0.373864
0.362466
0.347211
0.343797
0.378667
0.416094
0.370785
0.391042
0.374175
0.363766
0.393488
0.388471
0.372835
0.396694
0.36213
0.381437
0.386003
0.41819
0.423303
0.4066
0.402325
0.394686
0.363631
0.430411
0.397125
0.410143
0.396289
0.417003
0.444286
0.428254
0.415742
0.41285
0.420292
0.423908
0.406187
0.464615
0.356962
0.451542
0.451544
0.432583
0.470165
0.508064
0.440106
0.467398
0.517744
0.421575
0.440429
0.417725
0.430046
0.422106
0.442645
0.460666
0.495907
0.441675
0.411488
0.328622
0.457902
0.414974
0.433067
0.447664
0.498048
0.451708
0.509568
0.376914
0.509081
0.524541
0.56283
0.564976
0.382127
0.516377
0.580623
0.559324
0.481402
0.518447
0.495163
0.496628
0.638952
0.63564
0.56739
0.534624
0.634572
0.578915
0.608526
0.635666
0.549656
0.631114
0.710333
0.76187
0.686741
0.525488
0.622523
0.782508
0.561837
0.815103
0.679801
0.668923
0.744881
0.709386
0.787997
0.749801
0.69922
0.701216
0.683179
0.828745
0.753292
0.757955
0.714366
0.756111
0.771978
0.821142
0.780342
0.87218
0.779433
0.878742
0.888659
0.785306
0.831304
0.819633
0.848964
0.816198
0.794612
0.835981
0.821114
0.810774
0.787922
0.727654
0.686951
0.594732
0.795234
0.766636
0.739476
0.806887
0.822311
0.606453
0.799037
0.71349
0.715107
0.734446
0.770804
0.741124
0.554268
0.734586
0.696131
0.673594
0.738988
0.785102
0.666764
0.691022
0.84235
0.734636
0.80806
0.693032
0.642023
0.827603
0.633605
0.650358
0.6505
0.692722
0.775813
0.810252
0.770724
0.731004
0.756297
0.794722
0.797535
0.76139
0.726082
0.866173
0.714778
0.63195
0.700015
0.878854
0.765753
0.886352
0.919699
0.659158
0.612763
0.628083
0.793791
0.863111
0.765953
0.877908
0.806536
0.902851
0.527857
0.713696
0.727804
0.91809
0.593828
0.751864
0.797233
0.767686
0.814219
0.787638
0.642359
0.786582
0.646732
0.67648
0.930992
0.877002
0.631815
0.70132
0.611212
0.615494
0.662818
0.90094
0.669635
0.72979
0.767198
0.834504
0.805379
0.651409
0.865967
0.707075
0.563105
0.800244
0.653136
0.513897
0.722389
0.770348
0.845375
0.552612
0.696812
0.722709
0.814156
0.589755
0.765746
0.702981
0.868349
0.540936
0.711672
0.871454
0.57537
0.819824
0.752008
0.799391
0.700428
0.653239
0.581895
0.731391
0.5581
0.688072
0.562609
0.651681
0.779076
0.545997
0.768324
0.806772
0.911365
0.590298
0.696639
0.54112
0.673996
0.703881
0.677825
0.545171
0.64696
0.684991
0.864123
0.701941
0.634445
0.89565
0.659711
0.901563
0.755866
0.865765
0.497502
0.775683
0.87273
0.920992
0.401557
0.737148
0.577208
0.642177
0.792436
0.547693
0.602492
0.493822
0.64027
0.542592
0.460993
0.728795
0.922716
0.722095
0.780459
0.64638
0.688017
