0.797781
0.706619
0.693011
0.742207
0.71349
0.681452
0.671839
0.741153
0.745978
0.431226
0.782219
0.842971
0.897888
0.869233
0.880314
0.855587
0.741216
0.788551
0.692732
0.631554
0.734893
0.630347
0.650075
0.637014
0.504878
0.833983
0.816888
0.745919
0.816805
0.789173
0.774371
0.91071
0.797117
0.814069
0.662638
0.861183
0.694609
0.780503
0.704245
0.891544
0.658036
0.930676
0.731556
0.858469
0.624145
0.664417
0.790473
0.928236
0.814811
0.8721
0.801035
0.910785
0.379483
0.452581
0.64042
0.915843
0.685393
0.747432
0.797025
0.528657
0.814541
0.734809
0.702339
0.835059
0.695298
0.911726
0.874607
0.80517
0.420398
0.794232
0.642096
0.538479
0.730325
0.851827
0.771854
0.731817
0.584005
0.729779
0.90756
0.698909
0.869884
0.578331
0.524751
0.512653
0.815358
0.687075
0.898248
0.47501
0.671112
0.671889
0.556393
0.863043
0.768321
0.886396
0.891852
0.561551
0.800617
0.717734
0.749115
0.92111
0.702498
0.906943
0.744187
0.885248
0.921195
0.471529
0.754931
0.797034
0.628298
0.719095
0.487711
0.799788
0.783381
0.786083
0.71181
0.55716
0.666788
0.789024
0.80222
0.849012
0.720909
0.796052
0.488951
0.522456
0.884579
0.670405
0.694719
0.558541
0.491147
0.505158
0.866825
0.729767
0.526335
0.816508
0.616751
0.896919
0.919453
0.707071
0.774489
0.858178
0.63864
0.715804
0.722554
0.881141
0.764796
0.658241
0.743184
0.591956
0.572822
0.440304
0.694991
0.868279
0.543377
0.478767
0.696097
0.781686
0.762937
0.800569
0.586029
0.67953
0.541755
