0.848403
0.650584
0.714314
0.801316
0.833881
0.89421
0.472961
0.919163
0.718651
0.763188
0.73914
0.694087
0.865187
0.65502
0.82114
0.67888
0.535587
0.830763
0.908381
0.785161
0.780401
0.69134
0.88111
0.798223
0.492886
0.909147
0.893014
0.789491
0.684104
0.722598
0.814681
0.654272
0.740005
0.888897
0.882428
0.706684
0.770885
0.621719
0.869143
0.549851
0.642778
0.894212
0.527743
0.484601
0.55188
0.635856
0.645463
0.885538
0.707035
0.467216
0.697257
0.569157
0.714887
0.529453
0.857116
0.645998
0.77277
0.76108
0.624626
0.528616
0.835271
0.858127
0.806031
0.927324
0.62698
0.908096
0.728288
0.476856
0.867518
0.867358
0.883498
0.689587
0.916885
0.582438
0.467785
0.921893
0.73539
0.869957
0.883676
0.655942
0.755493
0.676183
