0.844244
0.744055
0.733439
0.884079
0.817701
0.840929
0.753497
0.876437
0.71427
0.840246
0.874023
0.811026
0.831221
0.77031
0.849128
0.786044
0.779136
0.835613
0.814895
0.831968
0.76657
0.724414
0.631302
0.70098
0.788275
0.792898
0.775812
0.787274
0.772385
0.674426
0.814118
0.707144
0.736158
0.755093
0.714481
0.625835
0.587118
0.740626
0.710096
0.678009
0.739231
0.758519
0.667178
0.728784
0.832878
0.625468
0.858745
0.702338
0.626811
0.817481
0.627802
0.681734
0.64463
0.663264
0.683544
0.804366
0.730252
0.809118
0.784701
0.761974
0.916397
0.791268
0.744209
0.729909
0.8707
0.714668
0.781763
0.701128
0.893851
0.765643
0.912823
0.863755
0.811354
0.698408
0.623817
0.795235
0.825084
0.770963
0.854704
0.803764
0.749027
0.797833
0.397149
0.518112
0.657315
0.912671
0.662699
0.741139
0.795474
0.852786
0.833588
0.862371
0.803128
0.745853
0.880588
0.93114
0.865163
0.588736
0.642672
0.848215
0.534215
0.639504
0.919992
0.794216
0.721178
0.840471
0.764449
0.5457
0.858438
0.840816
0.47799
0.851422
0.877883
0.875456
0.463203
0.917846
0.582866
0.831685
0.751909
0.880496
0.890579
0.679474
0.915929
0.640117
0.559314
0.807949
0.74273
0.584975
0.9048
0.825993
0.715749
0.873385
0.555164
0.564598
0.911535
0.840012
0.794327
0.791472
0.711049
0.574351
0.793574
0.699076
0.759019
0.708101
0.630113
0.662369
0.768799
0.82586
0.779793
0.75194
0.790621
0.837592
0.551578
0.923896
0.674755
0.663125
0.587562
0.668749
0.502591
0.552736
0.69764
0.49525
0.646644
0.806942
0.715959
0.902594
0.814765
0.826655
0.672215
0.740699
0.926363
0.895805
0.61931
0.427167
0.589502
0.732727
0.516407
0.925173
0.756393
0.52272
0.713194
0.514508
0.765355
0.759159
0.66024
0.752326
0.562413
