0.66717
0.4496
0.680175
0.748049
0.907496
0.791684
0.818477
0.782917
0.63909
0.846389
0.660623
0.931156
0.805186
0.878187
0.804585
0.635928
0.887832
0.545188
0.697209
0.900732
0.693102
0.659525
0.750123
0.794847
0.793765
0.709859
0.848894
0.642682
0.704834
0.713301
0.791336
0.648571
0.782861
0.874767
0.466329
0.579285
0.47087
0.871399
0.610485
0.872894
0.685389
0.755926
0.772802
0.916264
0.684376
0.647923
0.694684
0.845639
0.660946
0.756009
0.756262
0.71259
0.818589
0.499541
0.789058
0.924598
0.815298
0.628532
0.716412
0.491716
0.680419
0.77701
0.543173
0.819599
0.460124
0.81153
0.658585
0.694723
0.79956
0.675342
0.642714
0.732929
0.905217
0.857252
0.411917
0.491079
0.68274
0.466511
0.933482
0.472316
0.489922
0.593288
0.712895
0.698597
0.856618
0.738585
0.379781
0.703799
0.928232
0.67953
0.619047
0.861653
0.632418
0.58753
0.674086
0.664524
0.700131
0.745352
0.410119
0.555869
0.710628
0.765301
0.824601
0.578742
0.686488
0.60659
