0.568793
0.564371
0.506996
0.516156
0.56248
0.556172
0.501054
0.515532
0.591037
0.493467
0.634632
0.576961
0.624975
0.655795
0.54674
0.597919
0.635809
0.643756
0.546713
0.531256
0.590792
0.710792
0.742342
0.639723
0.652933
0.617411
0.790937
0.682523
0.694501
0.574203
0.708173
0.713215
0.716877
0.764843
0.872898
0.668487
0.808755
0.826966
0.784973
0.810126
0.835191
0.758832
0.818559
0.678062
0.811381
0.626674
0.829616
0.869363
0.83738
0.813863
0.857588
0.80523
0.868706
0.847618
0.767869
0.839213
0.878189
0.777668
0.829664
0.745898
0.748435
0.669042
0.614471
0.739966
0.773976
0.771846
0.825543
0.763819
0.627502
0.746563
0.710885
0.756087
0.749011
0.714681
0.737394
0.688985
0.688631
0.736731
0.744144
0.740612
0.750457
0.654997
0.90803
0.872403
0.855603
0.29526
0.9245
0.630285
0.584184
0.829755
0.633355
0.671645
0.69729
0.533077
0.681844
0.86129
0.756095
0.817368
0.808759
0.772785
0.921599
0.779372
0.794938
0.720792
0.824626
0.699727
0.666792
0.475346
0.70851
0.843085
0.923733
0.899263
0.788738
0.707621
0.658882
0.793694
0.863587
0.879908
0.854695
0.792086
0.860493
0.58462
0.707227
0.698625
0.673142
0.753875
0.819577
0.834782
0.856068
0.821429
0.741765
0.91744
0.802755
0.638902
0.802236
0.931229
0.853935
0.926383
0.478881
0.805788
0.558964
0.846088
0.544884
0.636037
0.868052
0.742863
0.76721
0.757197
0.755684
0.911814
0.808594
0.857458
0.655386
0.7133
0.534766
0.926643
0.791681
0.921657
0.469092
0.917783
0.561947
0.819648
0.864403
0.479172
0.653986
0.888439
0.729596
0.755086
0.780179
0.916285
0.625585
0.587345
0.920379
0.532798
0.77894
0.712671
0.835445
0.829557
0.504728
0.52824
0.829976
0.781693
0.646381
0.657992
0.600934
0.681306
0.596823
0.847275
0.719092
0.609846
0.901139
0.742064
0.901154
0.834024
0.813579
0.899123
0.684115
0.620761
0.60615
0.728348
0.897233
0.7573
0.761719
0.467755
0.83576
0.700823
0.640554
0.506182
0.598622
0.743117
0.757211
0.528064
0.697237
0.919849
0.727699
0.711365
0.826693
0.730891
0.60446
0.583443
0.597492
0.740561
0.436417
0.697348
0.469208
0.684235
0.842354
0.754829
0.594603
0.495627
