0.850655
0.79599
0.479034
0.682227
0.860013
0.753567
0.817998
0.670878
0.761424
0.889148
0.797536
0.829832
0.72607
0.815569
0.705292
0.689747
0.705098
0.878681
0.716584
0.933416
0.590704
0.845208
0.622982
0.626736
0.792527
0.756697
0.866506
0.715033
0.880545
0.783779
0.711676
0.624642
0.787688
0.929936
0.908261
0.865167
0.6341
0.87432
0.770357
0.862714
0.916804
0.570726
0.730542
0.748471
0.876916
0.584514
0.90683
0.547174
0.839214
0.711289
0.558739
0.544922
0.723375
0.811383
0.646719
0.666497
0.745565
0.749558
0.857097
0.914106
0.667042
0.92058
0.708854
0.620927
0.694056
0.725475
0.839834
0.707093
0.781068
0.484905
0.744281
0.920244
0.527692
0.815398
0.841237
0.412601
0.456094
0.871072
0.89023
0.883913
0.687927
0.879293
0.830416
0.723828
0.580599
0.763912
0.583802
0.845087
0.916066
0.76659
0.880667
0.885772
0.544015
0.815414
0.757812
0.824339
0.614005
0.650502
0.800797
0.798258
0.654517
0.600154
0.91785
0.620884
0.830356
0.738278
0.778456
0.751361
0.657652
0.536207
0.656547
0.736453
0.674373
0.517145
0.669806
0.46333
0.709997
0.667145
0.514665
0.507647
0.856191
0.86352
0.882358
0.690528
0.83693
0.750067
0.865398
0.626133
0.664585
0.604356
0.825894
0.589957
0.711078
0.428427
0.819369
0.916139
0.571574
0.680038
0.89906
0.831834
0.588898
0.706453
