0.820902
0.867532
0.613409
0.657932
0.841641
0.912396
0.64414
0.749688
0.819843
0.869663
0.889914
0.396472
0.806327
0.716717
0.700515
0.902922
0.824149
0.785177
0.800221
0.592276
0.893943
0.533085
0.738809
0.811708
0.68647
0.726596
0.790238
0.765816
0.52245
0.7189
0.710284
0.598045
0.902166
0.55148
0.821476
0.693295
0.780261
0.921654
0.461495
0.760637
0.657134
0.660428
0.447378
0.41814
0.662912
0.729071
0.823981
0.529981
0.650856
0.922985
0.714425
0.804954
0.914362
0.732976
0.658201
0.555254
0.89393
0.758773
0.781044
0.791428
0.747905
0.686497
0.691219
0.650787
0.604131
0.546106
0.889011
0.893732
0.908036
0.393035
0.889736
0.496394
0.772604
0.840683
0.540196
0.489062
0.543312
0.686457
0.869756
0.729162
0.471888
0.476202
0.444217
0.53468
0.549419
0.487552
0.888468
0.826149
0.902902
0.643693
0.879339
0.697102
0.734006
0.561689
0.918152
0.894023
0.765298
0.684386
0.616895
0.683407
0.448187
0.914749
0.749486
0.69052
0.547122
0.885526
0.526913
0.581962
0.744663
