0.778827
0.907855
0.66302
0.781089
0.66087
0.649115
0.834304
0.505382
0.782919
0.914686
0.848988
0.694615
0.617481
0.714531
0.874695
0.662818
0.728864
0.898993
0.694751
0.822043
0.646106
0.896734
0.804351
0.924573
0.793956
0.78965
0.759565
0.761713
0.711577
0.901216
0.72141
0.466106
0.649039
0.537145
0.613157
0.654993
0.850112
0.661895
0.789631
0.901956
0.689332
0.810043
0.920374
0.711016
0.521357
0.812898
0.902572
0.513736
0.836038
0.506361
0.473588
0.862368
0.627496
0.411326
0.656758
0.721998
0.916037
0.514045
0.710781
0.47205
0.722128
0.872894
0.705099
0.678938
0.670586
