0.45757
0.7205
0.686717
0.69105
0.483348
0.503987
0.734497
0.726114
0.766953
0.77413
0.902564
0.543154
0.84688
0.778087
0.907017
0.764013
0.894401
0.538288
0.861892
0.923175
0.792771
0.685762
0.614934
0.725668
0.807233
0.618976
0.755927
0.844269
0.856456
0.610691
0.886273
0.621301
0.878712
0.841697
0.64621
0.805011
0.538314
0.69693
0.738107
0.808229
0.768683
0.465943
0.568216
0.455463
0.843491
0.466641
0.52617
0.609802
0.663337
0.748018
0.655353
0.805572
0.89643
0.736864
0.485346
0.73072
0.615086
0.601134
0.850102
0.566317
0.779925
0.457511
0.69883
0.722429
0.506726
0.548522
0.832637
0.877478
0.594902
0.686537
0.625691
