0.460874
0.394457
0.469974
0.390721
0.484074
0.447592
0.491251
0.436824
0.472422
0.421309
0.49845
0.429115
0.495106
0.5054
0.609088
0.485458
0.499472
0.495476
0.461286
0.5248
0.538185
0.563451
0.541016
0.512838
0.55939
0.501649
0.520838
0.626321
0.637645
0.575562
0.56391
0.600751
0.524005
0.493266
0.573905
0.628168
0.556254
0.585909
0.66847
0.703262
0.765045
0.696569
0.595666
0.775399
0.683221
0.707015
0.653038
0.670951
0.747185
0.715041
0.761093
0.719082
0.781932
0.644481
0.797861
0.829375
0.726571
0.807532
0.772187
0.844898
0.789208
0.837752
0.669712
0.811824
0.762802
0.780419
0.839355
0.810138
0.829603
0.786809
0.846707
0.837693
0.818987
0.823837
0.795888
0.835605
0.785554
0.750476
0.634954
0.617076
0.795746
0.727275
0.786529
0.817941
0.807998
0.605777
0.815033
0.670085
0.683344
0.764274
0.762519
0.742923
0.587346
0.694958
0.714572
0.751949
0.713023
0.860152
0.910568
0.885417
0.867311
0.84523
0.879435
0.812035
0.790048
0.76967
0.823418
0.588139
0.670415
0.639192
0.683536
0.781702
0.791862
0.8062
0.730428
0.76927
0.790654
0.785449
0.747765
0.722822
0.861806
0.719642
0.78252
0.904686
0.884467
0.773365
0.868402
0.751082
0.854939
0.703099
0.680135
0.791108
0.926031
0.881569
0.859938
0.803423
0.863
0.380327
0.606968
0.630379
0.912497
0.644077
0.748356
0.791967
0.752114
0.814011
0.729921
0.565466
0.76952
0.733666
0.856797
0.931229
0.905469
0.564762
0.587542
0.658048
0.698171
0.846382
0.551467
0.724012
0.855447
0.762847
0.84761
0.747088
0.87868
0.637427
0.698432
0.577259
0.900222
0.506953
0.852323
0.661304
0.782502
0.871157
0.718305
0.916643
0.548613
0.866605
0.76843
0.678952
0.776641
0.906749
0.585949
0.665628
0.567266
0.763018
0.652874
0.697261
0.897739
0.928134
0.590548
0.539355
0.910064
0.75548
0.858613
0.67958
0.61927
0.572755
0.824911
0.610737
0.572682
0.700342
0.779182
0.61841
0.680113
0.584418
0.80753
0.588067
0.758772
0.522847
0.691066
0.815783
0.677022
0.61878
0.561466
0.919284
0.7078
0.573832
0.9206
0.678592
0.728065
0.88784
0.702524
0.857963
0.786112
0.400065
0.749632
0.623259
0.779251
0.827268
0.511309
0.415533
0.672159
0.689967
0.520477
0.58171
0.480652
0.710961
0.832806
0.765336
0.643191
0.556314
