0.429769
0.424665
0.320442
0.400652
0.396425
0.41917
0.424572
0.413346
0.416828
0.36445
0.427239
0.450597
0.42445
0.430317
0.420642
0.394256
0.46368
0.435481
0.46908
0.37504
0.449488
0.442068
0.440446
0.469675
0.443101
0.50954
0.446937
0.420232
0.399688
0.480865
0.447241
0.479146
0.429658
0.473946
0.512441
0.483287
0.456695
0.391396
0.387724
0.497359
0.433987
0.471791
0.501839
0.457706
0.493375
0.40739
0.531992
0.447582
0.510908
0.5093
0.565257
0.491141
0.552291
0.542228
0.426557
0.574886
0.565134
0.636078
0.572056
0.616324
0.650794
0.598184
0.598261
0.585135
0.534547
0.590696
0.597749
0.592327
0.766094
0.686998
0.485985
0.791002
0.716549
0.579461
0.801525
0.618689
0.728788
0.795788
0.703872
0.75479
0.701716
0.757765
0.650835
0.806806
0.831363
0.783097
0.839525
0.808463
0.79311
0.841454
0.796441
0.876233
0.775626
0.848138
0.887226
0.81099
0.849958
0.759609
0.849538
0.822371
0.850838
0.791041
0.819204
0.822612
0.826482
0.798623
0.716809
0.639724
0.603513
0.781316
0.786681
0.77657
0.825789
0.798666
0.605933
0.816363
0.708972
0.758792
0.765901
0.780504
0.624973
0.538969
0.734731
0.73967
0.715883
0.743018
0.752056
0.653116
0.711604
0.672622
0.764742
0.78695
0.693096
0.62481
0.834062
0.53996
0.650574
0.644082
0.479588
0.686533
0.81067
0.754874
0.815286
0.787361
0.765132
0.911691
0.78716
0.821849
0.720633
0.87625
0.713499
0.776882
0.727573
0.884467
0.66666
0.923632
0.758322
0.845128
0.615212
0.654108
0.789208
0.851667
0.708222
0.872999
0.806679
0.897267
0.499813
0.696462
0.930216
0.684289
0.616622
0.823356
0.753746
0.819348
0.732514
0.9294
0.837732
0.827116
0.870076
0.931229
0.905719
0.598744
0.523315
0.82066
0.560811
0.747345
0.638982
0.65338
0.921908
0.770229
0.679234
0.842694
0.782476
0.805379
0.542954
0.846797
0.634454
0.673251
0.69875
0.661574
0.879257
0.713532
0.631417
0.671511
0.916904
0.699622
0.475764
0.410846
0.849094
0.730916
0.679826
0.922256
0.801669
0.54276
0.921378
0.929055
0.710019
0.838332
0.769706
0.83329
0.892036
0.504179
0.862061
0.829513
0.793846
0.901781
0.87829
0.60429
0.616691
0.802981
0.54012
0.834134
0.561749
0.857225
0.80603
0.781074
0.809607
0.700892
0.832179
0.612078
0.595749
0.77898
0.471498
0.679412
0.732492
0.868119
0.689758
0.585876
0.851446
0.663063
0.896394
0.749135
0.844482
0.621437
0.664512
0.718664
0.737469
0.724039
0.647638
0.497844
0.624322
0.644327
0.574594
0.83249
0.410056
0.697076
0.916155
0.612998
0.581235
0.927321
0.873997
0.875351
0.560359
0.75226
0.64523
