0.91035
0.85961
0.833837
0.8762
0.818987
0.838878
0.792938
0.84628
0.910418
0.859134
0.841959
0.829867
0.918721
0.93362
0.783474
0.746568
0.772429
0.592019
0.650975
0.647169
0.685519
0.775801
0.793215
0.830049
0.706469
0.768394
0.785068
0.790907
0.753819
0.727561
0.861757
0.718985
0.726479
0.806484
0.874406
0.772791
0.912823
0.813156
0.771605
0.613352
0.623946
0.786552
0.928025
0.708674
0.875389
0.802607
0.728203
0.624312
0.637566
0.912826
0.64008
0.763469
0.783827
0.739277
0.81382
0.732971
0.928665
0.780479
0.666196
0.801538
0.930997
0.852968
0.798732
0.607592
0.70676
0.911233
0.644334
0.776159
0.760645
0.725322
0.838063
0.788425
0.659311
0.838408
0.842322
0.807655
0.528435
0.864065
0.686584
0.723553
0.807324
0.871056
0.921466
0.459376
0.91539
0.49134
0.866099
0.879445
0.432778
0.669789
0.693614
0.689059
0.849355
0.615287
0.448335
0.680346
0.85219
0.463505
0.80562
0.917534
0.723362
0.652852
0.864886
0.50455
0.921694
0.81934
0.731591
0.925767
0.797804
0.620414
0.798594
0.632773
0.643177
0.887084
0.621354
0.657714
0.63795
0.815324
0.550393
0.772715
0.6878
0.829325
0.717265
0.614594
0.673823
0.455032
0.834659
0.699011
0.824418
0.534761
0.85629
0.758529
0.822152
0.889145
0.657173
0.792817
0.897894
0.735496
0.926486
0.813646
0.507124
0.493851
0.601314
0.922936
0.921308
0.439647
0.923078
0.723082
0.918475
0.818765
0.739732
0.849846
0.786697
0.551432
0.607649
