65
65
62
62
63
63
63
64
64
64
65
64
65
64
64
65
64
63
63
63
63
63
64
65
65
65
65
65
65
65
65
65
65
65
64
64
64
64
64
63
64
64
64
64
64
64
64
64
64
64
64
63
62
61
61
61
61
61
61
61
61
61
62
62
62
62
62
62
62
62
63
63
63
63
63
63
63
63
63
63
63
63
63
64
65
65
63
63
63
64
64
64
64
64
64
64
64
65
65
66
66
66
67
68
67
64
64
64
63
63
63
63
63
63
63
63
63
63
63
64
64
64
64
62
63
63
63
64
67
67
66
67
67
66
68
68
64
65
64
63
64
64
64
64
64
64
64
64
64
64
65
65
64
65
65
65
65
65
64
63
63
63
64
64
64
64
64
65
65
