49
49
46
46
45
45
46
47
47
47
48
46
45
45
45
44
44
44
44
43
43
43
43
43
43
44
44
45
46
47
47
48
48
49
49
49
49
48
48
46
46
45
45
47
47
47
47
48
48
46
45
45
46
46
47
47
47
47
48
46
46
45
45
44
44
43
43
45
46
46
46
47
47
47
48
48
48
48
49
49
49
49
50
47
46
46
43
43
43
43
43
43
44
44
44
44
45
44
44
44
43
43
43
43
43
43
44
43
47
49
50
50
46
45
45
44
46
45
47
48
48
46
45
44
43
42
43
43
43
44
44
45
44
43
43
43
46
47
47
48
49
47
46
45
45
44
43
46
47
47
45
44
44
43
43
43
43
43
45
45
46
48
49
49
50
50
48
46
47
44
44
44
44
43
43
43
43
46
44
45
47
48
44
43
43
42
43
43
43
43
43
44
43
43
43
43
44
44
44
44
43
43
43
43
45
47
44
44
46
47
47
48
48
47
45
47
