43
43
42
42
42
42
42
42
42
42
42
42
42
42
42
42
42
42
42
42
42
42
42
42
42
42
42
42
43
43
43
43
43
43
43
43
43
43
43
43
43
43
43
43
43
43
45
45
45
46
46
47
47
47
47
48
48
48
48
46
47
48
48
49
49
43
43
43
43
42
42
44
44
44
44
43
43
43
43
45
46
46
47
46
46
44
44
43
44
43
43
45
45
45
45
46
46
46
46
46
46
47
46
45
45
44
44
43
43
43
43
43
42
42
42
42
43
43
42
42
44
44
45
45
45
45
47
47
46
45
45
45
44
44
43
43
43
43
43
42
43
43
43
43
42
42
43
43
42
42
42
42
42
42
43
44
43
43
42
42
42
42
42
42
43
43
43
43
43
43
43
43
43
43
43
43
43
43
43
45
44
44
44
44
43
43
43
44
43
46
47
47
47
46
47
48
48
48
48
48
48
47
45
46
46
46
47
47
47
46
45
45
44
44
44
44
43
43
43
43
44
44
43
43
43
44
45
45
43
43
43
43
44
44
47
45
45
45
44
44
44
43
43
43
43
45
45
46
46
47
47
47
47
48
48
46
46
48
48
48
48
49
49
48
48
45
45
44
48
45
44
44
43
43
43
43
42
42
44
43
45
44
43
44
43
43
43
43
